#Glyph name	TT hints
A	1,16,3;2,13,0;2,5,0;4,16,1,-1,-1;4,13,15,1,-1;14,2,16,15,0;4,5,6,0,-1;4,6,3,-1,-1;4,5,7,1,-1;4,2,9,0,-1;4,15,10,-1,-1;4,13,14,0,-1;4,14,11,-1,-1;4,7,18,-1,-1
B	1,52,3;1,22,3;2,41,0;2,40,0;6,7,14,0;4,40,0,0,-1;4,22,11,0,-1;14,32,7,14,-1;4,41,42,0,-1;4,41,43,1,-1;4,52,50,1,-1;4,52,51,0,-1
C	1,14,3;2,4,0;4,14,22,0,-1;4,4,32,0,-1
D	1,37,3;2,26,0;4,37,35,1,-1;4,35,7,-1,-1;4,26,28,1,-1;4,28,14,-1,-1;4,26,27,-2,-1;4,37,36,0,-1
E	1,14,3;1,13,3;2,2,0;2,1,0;6,28,21,0;4,2,3,0,-1;4,1,32,1,-1;4,32,4,-1,-1;4,14,17,1,-1;4,17,11,-1,-1;4,13,12,0,-1
F	1,27,3;2,16,0;6,30,6,0;6,10,3,0;4,27,25,1,-1;4,25,0,-1,-1;4,10,8,-2,-1;4,16,18,1,-1;4,18,13,-1,-1;4,16,17,0,-1;4,17,14,-1,-1;4,27,26,0,-1
G	1,18,3;2,8,0;6,42,43,0;4,42,0,-1,-1;4,43,41,1,-1;4,41,1,-1,-1;4,18,26,1,-1;4,8,36,1,-1
H	1,33,3;1,45,3;2,22,0;2,10,0;6,16,39,0;4,33,31,1,-1;4,31,36,-1,-1;4,36,43,-1,-1;4,43,0,-1,-1;4,22,24,1,-1;4,24,19,-1,-1;4,19,12,-1,-1;4,12,7,-1,-1;4,22,23,0,-1;4,23,20,-1,-1;4,20,11,-1,-1;4,11,8,-1,-1;4,33,32,0,-1;4,32,35,-1,-1;4,35,44,-1,-1;4,44,47,-1,-1
I	1,21,3;2,10,0;4,21,19,1,-1;4,19,0,-1,-1;4,10,12,1,-1;4,12,7,-1,-1;4,10,11,0,-1;4,11,8,-1,-1;4,21,20,0,-1;4,20,23,-1,-1
J	1,28,3;6,11,20,1;4,28,27,0,-1;4,27,0,-1,-1;4,28,26,1,-1;4,26,1,-1,-1;4,20,16,-2,-1
K	1,23,3;1,33,3;2,12,0;2,2,0;4,12,13,0,-1;4,13,10,-1,-1;4,10,3,-1,-1;4,3,0,-1,-1;4,12,14,1,-1;4,14,9,-1,-1;4,9,4,-1,-1;14,5,2,33,-1;14,6,12,23,-1;4,23,21,1,-1;4,23,22,0,-1;4,22,25,-1,-1;4,21,26,-1,-1;14,30,12,23,-1;4,26,31,-1,-1;4,25,32,-1,-1;4,32,35,-1,-1;4,31,36,-1,-1;14,37,2,33,-1;4,4,38,-1,-1
L	1,13,3;2,2,0;4,2,3,0,-1;4,2,4,1,-1;4,13,11,1,-1;4,13,12,0,-1;4,12,15,-1,-1;4,11,16,-1,-1;4,4,23,-1,-1
M	1,27,3;1,30,3;2,22,0;2,17,0;2,10,0;4,27,25,1,-1;4,25,0,-1,-1;4,10,12,1,-1;4,12,7,-1,-1;4,10,11,0,-1;4,11,8,-1,-1;14,15,10,30,-1;14,18,27,22,-1;4,22,24,1,-1;4,24,19,-1,-1;4,22,23,0,-1;4,23,20,-1,-1;4,27,26,0,-1;14,29,22,27,-1;4,30,32,0,-1
N	1,19,3;1,14,3;2,3,0;2,8,0;4,14,13,0,-1;4,13,18,-1,-1;4,18,0,-1,-1;4,14,12,1,-1;4,12,17,-1,-1;4,17,1,-1,-1;14,4,8,14,-1;4,8,10,1,-1;4,10,5,-1,-1;4,8,9,0,-1;4,9,6,-1,-1;14,16,19,3,-1
O	1,20,3;2,30,0;4,30,5,0,-1;4,20,15,0,-1
P	1,29,3;2,18,0;6,12,4,0;4,29,27,1,-1;4,27,0,-1,-1;4,18,20,1,-1;4,20,15,-1,-1;4,18,19,0,-1;4,19,16,-1,-1;4,29,28,0,-1
Q	1,36,3;2,26,0;2,46,0;6,23,49,0;4,46,5,0,-1;4,36,15,0,-1
R	1,46,3;2,34,0;2,19,0;2,14,0;6,29,12,0;4,46,44,1,-1;4,44,9,-1,-1;4,19,13,1,-1;4,34,32,1,-1;4,34,33,0,-1;4,33,36,-1,-1;4,32,37,-1,-1;4,46,45,0,-1;14,55,12,29,-1;4,13,61,-1,-1
S	1,33,3;2,10,0;4,33,41,0,-1;4,10,18,0,-1;14,0,41,18,-1;14,25,18,41,-1
T	1,23,3;2,10,0;4,23,19,1,-1;4,19,0,-1,-1;4,10,12,1,-1;4,12,7,-1,-1;4,10,11,0,-1;4,11,8,-1,-1
U	1,16,3;1,34,3;2,5,0;4,16,15,0,-1;4,15,18,-1,-1;4,18,33,-1,-1;4,33,0,-1,-1;4,16,14,1,-1;4,14,19,-1,-1;4,19,32,-1,-1;4,32,1,-1,-1;4,5,28,1,-1
V	1,6,3;1,13,3;2,3,0;4,6,5,0,-1;4,5,8,-1,-1;4,8,12,-1,-1;4,12,0,-1,-1;4,6,4,1,-1;4,4,9,-1,-1;4,9,11,-1,-1;4,11,1,-1,-1;14,10,13,3,-1
W	1,16,3;1,23,3;1,9,3;2,6,0;2,3,0;4,9,8,0,-1;4,8,11,-1,-1;4,11,15,-1,-1;4,15,18,-1,-1;4,18,22,-1,-1;4,22,0,-1,-1;4,9,7,1,-1;4,7,12,-1,-1;4,12,14,-1,-1;4,14,19,-1,-1;4,19,21,-1,-1;4,21,1,-1,-1;14,13,6,16,-1;14,20,3,23,-1
X	1,15,3;1,22,3;2,9,0;2,2,0;4,9,10,0,-1;4,10,7,-1,-1;4,7,3,-1,-1;4,3,0,-1,-1;4,9,11,1,-1;4,11,6,-1,-1;4,6,4,-1,-1;4,15,13,1,-1;14,5,11,13,-1;4,15,14,0,-1;4,14,17,-1,-1;4,13,18,-1,-1;14,19,11,13,-1;4,18,20,-1,-1;4,17,21,-1,-1;4,21,24,-1,-1;4,20,25,-1,-1;4,4,27,-1,-1
Y	1,16,3;1,23,3;2,7,0;4,7,9,1,-1;4,9,4,-1,-1;4,7,8,0,-1;4,8,5,-1,-1;4,16,14,1,-1;4,16,15,0,-1;4,15,18,-1,-1;4,14,19,-1,-1;14,20,9,14,-1;4,19,21,-1,-1;4,18,22,-1,-1;4,22,25,-1,-1;4,21,26,-1,-1
Z	1,9,3;2,2,0;4,2,11,1,-1;4,11,3,-1,-1;4,9,4,1,-1;4,4,10,-1,-1
a	1,51,0;2,26,0;2,18,0;14,35,26,51,-1;4,35,0,0,-1;4,26,12,1,-1;4,51,41,0,-1;14,46,26,51,-1;4,18,59,1,-1
b	1,13,0;1,37,4;2,23,0;2,28,0;2,27,0;14,0,23,13,-1;4,23,2,0,-1;4,13,8,0,-1;14,10,13,23,-1;4,28,29,0,-1;4,28,30,1,-1;4,37,34,1,-1;4,34,36,0,-1
c	1,13,0;2,3,0;4,13,28,0,-1;4,3,36,1,-1
d	1,33,4;1,26,0;2,16,0;2,12,0;14,29,26,16,-1;4,29,0,0,-1;4,26,2,1,-1;4,16,8,1,-1;14,14,16,26,-1;4,14,10,0,-1;4,12,11,0,-1;4,33,30,1,-1;4,30,32,0,-1;4,12,36,1,-1
e	1,32,0;2,22,0;4,32,6,0,-1;4,22,15,0,-1;14,11,32,15,0;4,11,12,0,-1
f	1,6,4;1,23,0;2,33,0;4,23,0,-1,-1;4,6,18,1,-1;4,23,26,1,-1;4,33,30,1,-1;4,33,34,0,-1;4,34,31,-1,-1;4,30,35,-1,-1;4,26,39,-1,-1;4,0,41,-1,-1
g	1,76,0;2,54,1;6,12,43,-1;6,0,35,0;4,76,6,0,-1;4,54,20,0,-1
h	1,36,0;1,30,4;2,21,0;2,2,0;4,21,22,0,-1;4,22,19,-1,-1;4,19,3,-1,-1;4,3,0,-1,-1;4,21,23,1,-1;4,23,18,-1,-1;4,18,4,-1,-1;4,36,11,0,-1;14,14,36,21,-1;4,30,27,1,-1;4,27,29,0,-1;4,4,43,-1,-1
i	1,26,0;1,6,4;2,14,0;4,6,0,-2,-1;4,14,15,0,-1;4,15,12,-1,-1;4,14,16,1,-1;4,26,23,1,-1;4,23,25,0,-1;4,16,32,-1,-1
j	1,0,0;1,38,4;2,13,1;4,13,23,1,-1;4,0,35,1,-1;4,35,37,0,-1;4,38,44,-2,-1
k	1,27,0;1,21,4;2,10,0;2,2,0;4,10,11,0,-1;4,11,8,-1,-1;4,8,0,-1,-1;14,3,2,27,-1;14,4,10,27,-1;4,10,12,1,-1;4,12,7,-1,-1;4,21,18,1,-1;4,18,20,0,-1;14,24,10,27,-1;4,27,25,0,-1;4,25,30,-1,-1;14,31,2,27,-1;4,7,32,-1,-1
l	1,11,4;2,2,0;4,2,3,0,-1;4,3,0,-1,-1;4,2,4,1,-1;4,11,8,1,-1;4,8,10,0,-1;4,4,17,-1,-1
m	1,61,0;1,68,0;1,56,0;2,42,0;2,23,0;2,2,0;4,2,3,0,-1;4,3,0,-1,-1;4,2,4,1,-1;4,68,11,1,-1;4,23,25,1,-1;4,25,20,-1,-1;4,23,24,0,-1;4,24,21,-1,-1;4,61,32,1,-1;4,42,44,1,-1;4,44,39,-1,-1;4,42,43,0,-1;4,43,40,-1,-1;4,56,53,1,-1;4,53,55,0,-1;4,4,75,-1,-1
n	1,42,0;1,35,0;2,21,0;2,2,0;4,21,22,0,-1;4,22,19,-1,-1;4,19,3,-1,-1;4,3,0,-1,-1;4,21,23,1,-1;4,23,18,-1,-1;4,18,4,-1,-1;4,42,11,0,-1;14,14,35,21,-1;4,35,32,1,-1;4,32,34,0,-1;14,37,35,21,-1;4,4,51,-1,-1
o	1,12,0;2,22,0;4,12,0,0,-1;4,22,6,0,-1
p	1,14,0;1,48,0;2,24,0;2,33,1;4,24,2,1,-1;4,14,8,1,-1;14,11,14,24,-1;14,27,24,14,-1;4,33,36,1,-1;4,36,31,-1,-1;4,33,32,0,-1;4,32,35,-1,-1;4,48,45,1,-1;4,45,47,0,-1
q	1,32,0;1,35,0;2,22,0;2,13,1;4,32,2,1,-1;4,22,8,1,-1;4,13,14,0,-1;4,14,11,-1,-1;4,13,41,1,-1;4,41,15,-1,-1;14,19,22,32,-1;14,34,32,22,-1
r	1,37,0;1,3,0;2,23,0;4,3,13,1,-1;4,13,9,-2,-1;14,16,3,23,-1;4,23,25,1,-1;4,25,20,-1,-1;4,23,24,0,-1;4,24,21,-1,-1;4,37,34,1,-1;4,34,36,0,-1
s	1,31,0;2,8,0;4,8,16,0,-1;14,19,8,31,-1;4,31,40,0,-1;14,43,31,8,-1
t	8,15,0;1,13,0;1,16,0;2,3,0;4,13,10,0,-1;4,10,19,-1,-1;4,3,23,0,-1
u	1,15,0;1,28,0;2,6,0;2,2,0;2,1,0;4,1,0,0,-1;4,15,12,1,-1;4,12,14,1,-1;4,6,21,1,-1;4,28,25,1,-1;4,25,27,1,-1;4,2,31,1,-1
v	1,6,0;1,13,0;2,3,0;4,6,5,0,-1;4,5,8,-1,-1;4,8,12,-1,-1;4,12,0,-1,-1;4,6,4,1,-1;4,4,9,-1,-1;4,9,11,-1,-1;4,11,1,-1,-1;14,10,3,13,-1
w	1,9,0;1,16,0;1,23,0;2,6,0;2,3,0;4,9,8,0,-1;4,8,11,-1,-1;4,11,15,-1,-1;4,15,18,-1,-1;4,18,22,-1,-1;4,22,0,-1,-1;4,9,7,1,-1;4,7,12,-1,-1;4,12,14,-1,-1;4,14,19,-1,-1;4,19,21,-1,-1;4,21,1,-1,-1;14,13,6,16,-1;14,20,3,23,-1
x	1,15,0;1,22,0;2,9,0;2,2,0;4,9,10,0,-1;4,10,7,-1,-1;4,7,3,-1,-1;4,3,0,-1,-1;4,9,11,0,-1;4,11,6,-1,-1;4,6,4,-1,-1;14,5,2,22,-1;4,5,12,-1,-1;4,15,13,1,-1;4,15,14,0,-1;4,14,17,-1,-1;4,13,18,-1,-1;14,19,22,2,-1;4,18,20,-1,-1;4,17,21,-1,-1;4,21,24,-1,-1;4,20,25,-1,-1;4,19,26,-1,-1;4,4,27,-1,-1
y	1,23,0;1,30,0;2,7,1;4,30,29,0,-1;4,29,0,-1,-1;4,23,21,1,-1;4,21,26,-1,-1;4,26,28,-1,-1;4,28,1,-1,-1;4,7,17,1,-1;14,20,7,23,-1;4,23,22,0,-1;4,22,25,-1,-1;4,20,27,-2,-1
z	1,9,0;2,2,0;4,2,11,0,-1;4,11,3,-1,-1;4,9,4,0,-1;4,4,10,-1,-1
AE	1,21,3;2,6,0;2,15,0;6,36,29,0;4,6,39,1,-1;14,1,21,39,0;4,21,26,1,-1;4,26,2,-1,-1;4,6,7,0,-1;4,39,8,-1,-1;4,1,11,0,-1;4,8,13,-1,-1;4,7,14,-1,-1;4,14,17,-1,-1;4,13,18,-1,-1;4,2,19,-1,-1;4,21,20,0,-1
Lslash	1,16,3;2,2,0;4,2,3,0,-1;4,2,4,1,-1;14,25,2,16,-1;4,25,7,-1,-1;4,25,22,1,-1;4,22,10,-1,-1;4,16,14,1,-1;4,16,15,0,-1;4,15,18,-1,-1;4,14,19,-1,-1;4,4,29,-1,-1
Oslash	1,48,3;1,44,3;2,34,0;2,30,0;4,30,3,0,-1;4,44,14,0,-1;14,10,14,3,-1;14,21,3,14,-1
OE	1,34,3;1,37,3;2,24,0;2,21,0;6,52,45,0;4,37,42,1,-1;4,42,3,-1,-1;4,34,6,1,-1;4,24,12,1,-1;4,21,55,1,-1;4,55,15,-1,-1
Uogonek	1,38,3;1,56,3;2,27,0;6,18,11,-2;4,38,37,0,-1;4,37,40,-1,-1;4,40,55,-1,-1;4,55,0,-1,-1;4,38,36,1,-1;4,36,41,-1,-1;4,41,54,-1,-1;4,54,1,-1,-1;4,27,50,0,-1;14,5,50,27,-1
Eth	1,41,3;2,28,0;4,41,39,1,-1;4,39,7,-1,-1;14,10,28,41,-1;4,10,13,0,-1;4,28,30,1,-1;4,30,16,-1,-1;4,28,29,0,-1;4,13,33,-1,-1;4,10,36,-1,-1;4,41,40,0,-1
Thorn	1,26,3;2,15,0;6,11,3,0;6,0,30,0;4,15,17,1,-1;4,17,12,-1,-1;4,15,16,0,-1;4,16,13,-1,-1;4,26,24,1,-1;4,26,25,0,-1;4,25,28,-1,-1;4,24,29,-1,-1
aogonek	1,57,0;2,32,0;2,24,0;6,18,78,1;14,0,32,57,-1;4,32,12,1,-1;4,0,41,0,-1;4,57,47,0,-1;14,52,32,57,-1;4,24,65,1,-1
ae	1,79,0;1,74,0;2,49,0;2,43,0;6,33,32,0;4,49,0,1,-1;4,33,8,-1,-1;4,79,27,0,-1;4,43,36,1,-1;4,32,58,-1,-1;4,74,64,0,-1;14,69,49,74,-1
dcroat	1,37,4;1,26,0;2,16,0;2,13,0;2,12,0;6,30,33,0;14,0,26,16,-1;4,26,2,1,-1;4,16,8,1,-1;14,10,16,26,-1;4,12,11,0,-1;4,37,34,1,-1;4,34,36,0,-1;4,33,39,-1,-1;4,30,42,-1,-1;4,11,43,-1,-1
eogonek	1,47,0;2,37,0;6,28,21,1;6,56,11,0;4,47,6,0,-1;4,37,59,1,-1
dotlessi	1,14,0;2,2,0;4,2,4,0,-1;4,14,11,1,-1;4,11,13,0,-1;4,4,20,-1,-1
ldot	1,15,4;2,6,0;6,24,18,-1;4,6,8,0,-1;4,8,3,-1,-1;4,15,12,1,-1;4,12,14,0,-1
lslash	1,15,4;2,2,0;4,2,3,0,-1;4,15,12,1,-1;4,12,14,0,-1
oslash	1,37,0;2,23,0;4,37,0,0,-1;14,13,23,37,-1;4,13,4,0,-1;14,5,37,23,-1;4,23,8,0,-1;4,5,12,0,-1
oe	1,49,0;1,55,0;2,39,0;2,34,0;6,24,23,0;4,39,0,0,-1;4,49,6,0,-1;4,55,18,0,-1;4,34,27,1,-1;14,36,39,49,-1;14,52,39,49,-1
germandbls	1,6,4;2,34,0;2,74,0;14,16,6,34,-1;14,26,34,6,-1;4,34,41,0,-1;14,49,34,6,-1;14,59,6,34,-1;4,6,65,0,-1;4,74,75,0,-1;4,74,76,1,-1
longs	1,8,4;2,30,0;4,8,18,1,-1;4,30,32,1,-1;4,32,27,-1,-1;4,32,31,-1,-1;4,31,28,-1,-1
uogonek	1,36,0;1,23,0;2,14,0;2,41,0;2,9,0;2,10,0;2,42,0;6,3,48,1;14,11,14,36,-1;4,23,21,1,-1;4,21,20,-1,-1;4,14,29,1,-1;4,36,34,1,-1;4,34,33,-1,-1;4,41,39,1,-1;4,39,40,-1,-1
eth	1,40,4;1,30,0;2,20,0;6,34,37,0;4,20,0,0,-1;4,30,6,0,-1;4,34,12,-1,-1;14,32,20,40,-1;4,40,39,0,-1;4,37,42,-1,-1
thorn	1,13,0;1,42,4;2,23,0;2,33,1;14,0,23,13,-1;4,23,2,0,-1;4,13,8,0,-1;14,10,13,23,-1;4,33,35,0,-1;4,35,30,-1,-1;4,42,39,1,-1;4,39,41,0,-1
f_i	1,27,0;1,56,0;1,28,0;1,57,0;1,36,4;1,54,0;2,1,0;2,18,0;4,1,62,1,-1;4,62,0,-1,-1;4,0,3,-1,-1;4,62,4,-1,-1;4,56,11,1,-1;4,54,12,1,-1;4,18,16,1,-1;4,16,17,-1,-1;4,17,20,-1,-1;4,16,21,-1,-1;4,12,25,-1,-1;4,25,26,-1,-1;4,36,46,0,-1
f_l	1,35,0;1,42,4;1,46,4;1,17,0;1,36,0;2,27,0;2,2,0;4,27,29,1,-1;4,29,28,-1,-1;4,28,25,-1,-1;4,25,3,-1,-1;4,3,0,-1,-1;4,29,24,-1,-1;4,24,4,-1,-1;4,42,12,0,-1;4,17,20,1,-1;4,36,33,1,-1;4,4,52,-1,-1
f_t	1,33,4;1,50,0;1,54,0;1,27,0;2,18,0;2,3,0;4,50,11,1,-1;4,18,20,1,-1;4,20,15,-1,-1;4,15,16,-1,-1;4,20,19,-1,-1;4,27,24,1,-1;4,27,26,-1,-1;4,33,45,1,-1;4,54,57,1,-1;4,3,61,1,-1
ampersand	1,59,3;2,44,0;2,35,0;2,30,0;6,76,75,0;4,44,0,1,-1;14,6,44,59,-1;14,2,44,6,-1;4,6,52,-1,-1;4,52,17,-1,-1;4,59,23,0,-1;4,35,29,0,-1;4,6,65,-1,-1;4,76,74,1,-1;4,75,78,-1,-1;4,74,79,-1,-1
zero	1,20,2;2,30,0;4,30,5,0,-1;4,20,15,0,-1
one	1,11,2;2,2,0;4,2,3,0,-1;4,3,0,-1,-1;4,2,4,0,-1;4,11,8,1,-1;4,8,10,-1,-1;4,10,9,0,-1;4,4,17,-1,-1
zero.slash	1,23,2;2,33,0;4,33,3,0,-1;4,23,15,0,-1;14,11,15,3,-1;14,22,3,15,-1
zero.lf	1,20,2;2,30,0;4,30,5,0,-1;4,20,15,0,-1
one.lf	1,11,2;2,2,0;4,2,3,0,-1;4,3,0,-1,-1;4,2,4,0,-1;4,11,8,1,-1;4,8,10,-1,-1;4,10,9,0,-1;4,4,17,-1,-1
two.lf	1,27,2;2,1,0;4,1,36,1,-1;4,36,3,-1,-1;4,27,12,0,-1
three.lf	1,13,2;2,31,0;6,49,50,1;14,23,50,49,-1;4,31,42,0,-1;4,13,57,0,-1
four.lf	1,10,2;2,6,0;6,7,0,1;14,1,10,6,-1;4,0,2,-1,-1;4,7,4,-1,-1;4,2,9,-1,-1;4,0,12,-1,-1
five.lf	1,36,2;2,11,0;6,31,3,1;4,11,25,0,-1;4,36,39,1,-1
six.lf	1,39,2;2,29,0;6,6,21,1;4,29,0,0,-1;14,9,39,29,-1;4,39,15,1,-1
seven.lf	1,0,2;2,2,0;4,0,5,1,-1;4,5,1,-1,-1
eight.lf	1,47,2;2,33,0;4,33,0,0,-1;14,39,33,47,-1;4,39,8,-1,-1;14,28,33,47,-1;4,28,19,-1,-1;4,47,25,0,-1
nine.lf	1,32,2;2,40,0;14,22,40,32,-1;4,22,0,1,-1;4,32,10,0,-1;4,40,16,0,-1
zero.lfslash	1,24,2;2,34,0;4,34,3,0,-1;4,24,15,0,-1;14,11,15,3,-1;14,23,3,15,-1
zero.tosf	1,0,1;2,6,0;4,6,17,0,-1;4,0,27,0,-1
one.tosf	1,11,1;2,2,0;4,2,3,0,-1;4,3,0,-1,-1;4,2,4,0,-1;4,11,8,1,-1;4,8,10,-1,-1;4,10,9,0,-1;4,4,17,-1,-1
zero.osf	1,0,1;2,10,0;4,10,25,0,-1;4,0,35,0,-1
one.osf	1,11,1;2,2,0;4,2,3,0,-1;4,3,0,-1,-1;4,2,4,0,-1;4,11,8,1,-1;4,8,10,-1,-1;4,10,9,0,-1;4,4,17,-1,-1
two.osf	1,27,1;2,2,0;4,2,38,1,-1;4,38,3,-1,-1;4,27,12,0,-1
period	2,0,0;4,0,8,-2,-1
comma	2,0,0;4,0,8,-2,-1
exclam	1,12,3;2,0,0;4,0,6,-2,-1;4,6,22,-2,-1
question	1,28,3;2,10,0;6,37,49,1;4,10,0,-2,-1;4,28,20,1,-1;4,0,41,1,-1
trademark	8,20,0;1,14,3;1,35,3;1,38,3;4,14,11,0,-1;4,11,3,-1,-1;4,20,24,-1,-1;4,24,29,-1,-1;4,29,6,-1,-1;4,3,34,-1,-1;4,34,16,-1,-1;14,37,20,38,-1
servicemark	8,47,0;1,28,3;1,62,3;1,65,3;4,47,51,-1,-1;4,51,56,-1,-1;4,56,6,-1,-1;4,6,15,0,-1;14,18,6,28,-1;4,28,36,0,-1;14,39,28,6,-1;4,36,61,-1,-1;4,61,43,-1,-1;14,64,47,65,-1
at	1,55,0;1,28,2;6,18,82,0;6,44,11,1;4,55,3,0,-1;4,44,38,-1,-1;4,11,64,-1,-1;4,28,72,0,-1
at.cap	6,44,11,1;6,3,55,0;6,28,72,0;6,18,82,0;4,44,38,-1,-1;4,11,64,-1,-1
zero.sups	8,30,0;8,20,0;4,30,5,0,-1;4,20,15,0,-1
one.sups	8,2,0;8,8,0;4,2,3,0,-1;4,3,0,-1,-1;4,2,4,1,-1;4,8,5,1,-1;4,5,7,-1,-1;4,7,6,0,-1;4,4,10,-1,-1
two.sups	8,2,0;8,23,0;4,2,30,1,-1;4,30,3,-1,-1;4,23,12,0,-1
three.sups	8,11,0;8,23,0;6,41,42,0;14,17,42,41,-1;4,23,34,0,-1;4,11,49,0,-1
four.sups	8,6,0;8,10,0;6,0,7,1;14,1,10,6,-1;4,0,2,-1,-1;4,7,4,-1,-1;4,2,9,-1,-1;4,0,12,-1,-1
five.sups	8,11,0;8,35,0;6,30,3,0;4,11,24,0,-1;4,35,38,1,-1
six.sups	8,28,0;8,36,0;6,6,20,0;4,28,0,0,-1;4,36,14,0,-1
seven.sups	8,0,0;8,2,0;4,0,5,1,-1;4,5,1,-1,-1
eight.sups	8,29,0;8,40,0;4,29,0,0,-1;14,6,29,40,-1;4,40,12,0,-1;14,18,40,29,-1;4,18,24,-1,-1;4,6,34,-1,-1
nine.sups	8,30,0;8,38,0;4,30,10,0,-1;14,22,38,10,-1;4,22,0,0,-1;4,38,16,0,-1
a.sups	1,52,4;6,25,11,0;6,0,36,-2;4,25,18,-1,0;4,52,40,0,-1;14,47,25,52,-1;4,11,58,-1,0
b.sups	8,33,0;1,13,4;6,23,2,0;4,13,8,0,-1;14,25,23,2,-1;4,23,26,-1,0;4,2,29,-1,0;4,33,30,1,-1;4,30,32,0,-1
c.sups	8,3,0;1,13,4;4,13,23,0,-1;4,3,29,1,-1
d.sups	8,31,0;1,24,4;6,16,8,0;6,12,33,0;4,24,2,0,-1;4,16,13,-1,0;4,31,28,1,-1;4,28,30,0,-1
e.sups	8,19,0;1,29,4;6,10,9,0;4,29,6,0,-1;4,19,13,1,-1
f.sups	8,6,0;8,27,0;1,20,4;1,32,4;1,0,4;4,6,16,0,-1;4,20,22,0,-1;4,27,29,0,-1;4,29,24,-1,-1;4,27,25,0,-1;4,25,28,-1,-1;4,22,30,-1,-1;4,30,31,-1,-1
g.sups	1,68,4;1,72,4;1,40,0;1,59,0;6,49,21,0;6,29,71,0;6,34,0,0;4,68,6,0,-1;4,40,12,1,-1;4,72,28,0,-1;14,56,40,12,-1;14,62,34,0,-1
h.sups	8,20,0;8,14,0;1,25,4;4,14,15,0,-1;4,15,12,-1,-1;4,12,3,-1,-1;4,3,0,-1,-1;4,14,2,-1,-1;4,14,16,0,-1;4,16,11,-1,-1;4,11,4,-1,-1;4,25,8,1,-1;4,20,17,1,-1;4,17,19,0,-1;4,4,29,-1,-1
i.sups	8,13,0;1,20,4;4,20,0,1,-1;4,0,6,-2,-1;4,13,12,0,-1;4,12,15,-1,-1;4,13,22,0,-1;4,22,16,-1,-1;4,20,17,1,-1;4,17,19,0,-1
j.sups	8,10,0;1,0,4;4,10,20,0,-1;4,0,25,1,-1;4,25,27,0,-1;4,0,34,1,-1;4,34,28,1,-1
k.sups	8,1,0;8,14,0;1,19,4;4,1,0,0,-1;14,4,1,14,-1;4,4,3,-1,-1;4,1,24,0,-1;4,24,5,-1,-1;4,0,6,-1,-1;4,1,7,-1,-1;4,0,9,-1,-1;4,5,10,-1,-1;4,14,11,1,-1;4,11,13,0,-1;4,4,16,0,-1;4,19,17,0,-1;4,17,21,-1,0;4,21,22,-1,0;4,3,23,-1,-1
l.sups	8,1,0;8,8,0;4,1,0,0,-1;4,0,3,-1,-1;4,1,10,0,-1;4,10,4,-1,-1;4,8,5,1,-1;4,5,7,0,-1
m.sups	8,1,0;1,41,4;1,46,4;1,36,4;4,1,0,0,-1;4,0,3,-1,-1;4,1,50,0,-1;4,50,4,-1,-1;4,46,8,1,-1;4,4,14,-1,-1;4,3,15,-1,-1;4,1,16,-1,-1;4,15,18,-1,-1;4,14,19,-1,-1;4,8,23,-1,-1;4,19,27,-1,-1;4,18,28,-1,-1;4,16,29,-1,-1;4,28,31,-1,-1;4,27,32,-1,-1;4,36,33,1,-1;4,33,35,0,-1
n.sups	8,14,0;1,25,4;1,20,4;4,14,15,0,-1;4,15,12,-1,-1;4,12,3,-1,-1;4,3,0,-1,-1;4,14,2,-1,-1;4,14,16,0,-1;4,16,11,-1,-1;4,11,4,-1,-1;4,25,8,1,-1;4,20,17,1,-1;4,17,19,0,-1;4,4,29,-1,-1
o.sups	8,20,0;1,12,4;4,12,0,0,-1;4,20,6,0,-1
p.sups	8,29,0;1,14,4;1,36,4;6,24,2,0;4,14,8,0,-1;14,26,24,2,-1;4,29,27,0,-1;4,29,28,0,-1;4,28,31,-1,-1;4,27,32,-1,-1;4,36,33,1,-1;4,33,35,0,-1
q.sups	8,12,0;1,26,4;1,31,4;6,18,8,0;4,26,2,0,-1;4,12,11,0,-1;4,11,14,-1,-1;4,12,32,-2,-1;4,32,15,-1,-1
r.sups	8,18,0;1,3,4;1,25,4;4,3,9,1,-1;4,18,16,0,-1;4,18,17,0,-1;4,17,20,-1,-1;4,16,21,-1,-1;4,25,22,1,-1;4,22,24,0,-1
s.sups	1,25,4;6,6,13,0;14,15,6,25,-1;4,25,34,0,-1;14,37,25,6,-1
t.sups	8,3,0;1,9,4;1,13,4;1,10,4;4,9,7,0,-1;4,7,15,-1,-1;4,3,20,1,-1
v.sups	8,3,0;1,7,4;4,7,8,0,-1;4,8,12,-1,-1;4,12,0,-1,-1;4,7,9,0,-1;4,9,11,-1,-1;4,11,1,-1,-1;4,9,4,-1,-1;4,8,5,-1,-1;14,10,3,7,-1;4,7,13,-1,-1
w.sups	8,6,0;1,9,4;4,9,8,0,-1;4,8,11,-1,-1;4,11,15,-1,-1;4,15,18,-1,-1;4,18,22,-1,-1;4,22,0,-1,-1;4,9,7,0,-1;4,7,12,-1,-1;4,12,14,-1,-1;4,14,19,-1,-1;4,19,21,-1,-1;4,21,1,-1,-1;4,6,3,-1,-1;14,20,3,17,-1;4,20,13,-1,-1;4,9,16,-1,-1;4,16,23,-1,-1
x.sups	8,8,0;1,22,4;1,16,4;4,8,7,-2,-1;4,7,3,-1,-1;4,3,0,-1,-1;4,8,2,-1,-1;4,8,6,0,-1;4,6,4,-1,-1;14,5,8,16,-1;4,7,10,-1,-1;4,6,11,-1,-1;4,5,12,-1,-1;4,22,20,0,-1;4,20,18,-1,-1;4,18,13,-1,-1;4,22,21,0,-1;4,21,17,-1,-1;4,17,14,-1,-1;14,19,22,2,-1;4,20,25,-1,-1;4,19,26,-1,-1;4,4,27,-1,-1
y.sups	8,7,0;1,23,4;1,30,4;4,23,22,0,-1;4,22,25,-1,-1;4,25,29,-1,-1;4,29,0,-1,-1;4,23,21,0,-1;4,21,26,-1,-1;4,26,28,-1,-1;4,28,1,-1,-1;4,7,13,1,-1;14,20,7,23,-1;4,20,27,-1,-1
z.sups	1,8,4;6,1,12,0;4,12,3,-1,-1;4,8,4,0,-1;4,4,10,-1,-1
egrave.sups	8,31,0;1,41,4;6,22,21,0;4,41,11,-2,-1;4,41,18,0,-1;4,31,25,1,-1
eacute.sups	8,33,0;1,43,4;6,24,23,0;4,43,0,-2,-1;4,43,20,0,-1;4,33,27,1,-1
dollar	1,56,2;1,53,2;2,28,0;2,31,0;4,28,0,0,-1;14,5,31,53,-1;4,56,16,0,-1;4,16,6,-1,-1;14,12,56,28,-1;4,12,17,-1,-1;4,0,43,-1,-1;4,5,44,-1,-1
sterling	1,22,2;2,2,0;4,2,47,1,-1;4,47,3,-1,-1;14,42,2,22,-1;4,42,9,-1,-1;4,42,39,1,-1;4,39,12,-1,-1;4,22,33,0,-1
yen	1,29,2;1,36,2;2,14,0;4,29,27,0,-1;4,27,32,-1,-1;4,32,34,-1,-1;4,34,0,-1,-1;4,14,16,0,-1;14,26,16,36,0;4,26,1,-1,-1;4,26,23,0,-1;4,23,4,-1,-1;14,22,16,36,0;4,22,5,-1,-1;4,22,19,0,-1;4,19,8,-1,-1;4,16,11,-1,-1;4,26,33,-1,-1
Euro	1,35,2;2,13,0;6,67,64,1;4,67,18,-1,-1;4,64,21,-1,-1;4,64,58,-2,-1;4,58,27,-1,-1;4,58,55,1,-1;4,55,30,-1,-1;4,35,52,0,-1;4,13,70,0,-1
florin	1,6,2;6,23,22,1;6,33,43,0;4,22,0,-1,-1;4,6,16,0,-1;4,23,51,-1,-1
rupeeindian	1,46,2;2,22,0;2,19,0;6,32,33,1;4,46,45,1,-1;4,45,1,-1,-1;4,45,41,-2,-1;4,41,3,-1,-1;4,41,40,1,-1;4,40,6,-1,-1;14,11,33,32,-1;4,22,18,1,-1
liraturkish	1,34,2;2,19,0;2,16,0;14,47,19,34,-1;4,47,22,-1,-1;4,47,44,1,-1;4,44,25,-1,-1;4,44,43,-2,-1;4,43,26,-1,-1;4,43,40,1,-1;4,40,29,-1,-1;4,34,32,1,-1;4,34,33,0,-1;4,33,36,-1,-1;4,32,37,-1,-1;4,16,49,0,-1
pi	1,34,0;1,33,0;2,2,0;2,17,0;4,33,26,1,-1;4,26,13,-1,-1;4,34,35,0,-1;4,13,38,-1,-1;4,2,42,1,-1
circumflexcmb	8,4,0;4,4,1,-2,-1
circumflexcmb.cap	8,4,0;4,4,1,-2,-1
tildecmb	6,24,0,-2;4,0,6,-1,-1;14,9,0,24,-1;4,24,18,-1,-1;14,27,18,6,-1
tildecmb.cap	6,0,24,-2;4,0,6,-1,-1;14,9,24,0,-1;4,24,18,-1,-1;14,27,18,6,-1
macroncmb	6,2,1,-2
macroncmb.cap	6,2,1,-2
brevecmb	6,0,9,-2
brevecmb.cap	6,0,9,-2
dotaccentcmb	6,0,6,-1
dotaccentcmb.cap	6,0,6,-2
dieresiscmb	6,0,6,-2;4,0,12,-1,-1;4,6,18,-1,-1
dieresiscmb.cap	6,0,6,-2;4,0,12,-1,-1;4,6,18,-1,-1
ringcmb	6,12,0,-2;4,0,6,-2,-1;4,6,18,-2,-1
ringcmb.cap	6,0,12,-2;4,12,18,-2,-1;4,18,6,-2,-1
caroncmb	6,1,5,-2
caroncmb.cap	6,1,5,-2
cedillacmb	6,0,17,-2;4,17,12,-2,-1;4,12,6,0,-1
ogonekcmb	6,17,10,-2
arrowleft	2,8,0;6,4,3,1
arrowupleft	1,10,1;4,10,1,1,-1
arrowup	2,4,0
arrowupright	1,9,1;4,9,6,1,-1
arrowright	8,8,0;2,11,0;6,3,4,1
arrowdownright	1,7,0;6,10,1,1
arrowdown	2,9,0;4,9,6,1,-1
arrowdownleft	1,0,0;6,9,6,1
