# Glyph name	TT hints
A	1,(302,674),4;2,(5,0),0;2,(381,0),0;4,(5,0),(5,41),0,-1;4,(5,0),(89,54),1,-1;4,(381,0),(479,53),1,-1;4,(479,53),(578,50),-1,-1;4,(381,0),(381,41),0,-1;4,(381,41),(653,41),-1,-1;14,(208,264),(5,0),(302,674),-1;4,(208,264),(192,217),0,-1;4,(89,54),(137,54),-1,-1;4,(5,41),(234,41),-1,-1
B	1,(44,669),4;1,(334,669),4;2,(44,0),0;2,(319,0),0;6,(233,323),(233,369),0;4,(44,669),(136,617),1,-1;4,(44,669),(44,628),0,-1;14,(397,348),(233,323),(233,369),-1;4,(44,0),(44,41),0,-1;4,(44,0),(136,52),1,-1;4,(334,669),(235,623),0,-1;4,(319,0),(296,47),0,-1
C	1,(385,684),4;2,(386,-15),0;4,(386,-15),(391,35),0,-1;4,(385,684),(398,634),0,-1
D	1,(44,669),4;2,(44,0),0;4,(44,669),(136,617),1,-1;4,(44,669),(44,628),0,-1;4,(44,0),(44,41),-2,-1;4,(44,0),(136,52),1,-1;4,(136,52),(235,47),-1,-1;4,(136,617),(235,623),-1,-1
E	1,(542,669),4;1,(44,669),4;2,(44,0),0;2,(562,0),0;6,(233,318),(233,365),0;4,(542,669),(470,619),1,-1;4,(470,619),(136,617),-1,-1;4,(44,669),(44,628),0,-1;4,(562,0),(490,50),1,-1;4,(44,0),(44,41),0,-1;4,(490,50),(136,52),-1,-1
F	1,(44,669),4;2,(44,0),0;6,(492,492),(448,460),0;6,(233,318),(233,365),0;4,(44,669),(136,617),1,-1;4,(44,669),(44,628),0,-1;4,(136,617),(235,619),-1,-1;4,(233,318),(402,214),-2,-1;4,(44,0),(136,52),1,-1;4,(136,52),(235,52),-1,-1;4,(44,0),(44,41),0,-1;4,(44,41),(328,41),-1,-1
G	1,(388,684),4;2,(384,-15),0;6,(404,318),(404,278),0;4,(388,684),(397,634),1,-1;4,(384,-15),(403,36),1,-1;4,(404,318),(508,269),1,-1;4,(404,278),(667,278),-1,-1;4,(508,269),(606,272),-1,-1
H	1,(44,669),4;1,(462,669),4;2,(44,0),0;2,(462,0),0;6,(233,319),(233,366),0;4,(44,669),(136,617),1,-1;4,(44,669),(44,628),0,-1;4,(44,628),(326,628),-1,-1;4,(136,617),(235,618),-1,-1;4,(235,618),(554,617),-1,-1;4,(326,628),(462,628),-1,-1;4,(462,628),(744,628),-1,-1;4,(554,617),(652,617),-1,-1;4,(44,0),(136,52),1,-1;4,(136,52),(235,51),-1,-1;4,(235,51),(554,52),-1,-1;4,(554,52),(652,52),-1,-1;4,(44,0),(44,41),0,-1;4,(44,41),(326,41),-1,-1;4,(326,41),(462,41),-1,-1;4,(462,41),(744,41),-1,-1
I	1,(44,669),4;2,(44,0),0;4,(44,669),(136,617),1,-1;4,(44,669),(44,628),0,-1;4,(44,628),(327,628),-1,-1;4,(136,617),(235,617),-1,-1;4,(44,0),(136,52),1,-1;4,(136,52),(235,52),-1,-1;4,(44,0),(44,41),0,-1;4,(44,41),(327,41),-1,-1
J	1,(47,669),4;6,(44,-163),(119,-115),1;4,(47,669),(47,628),0,-1;4,(47,628),(340,628),-1,-1;4,(47,669),(149,617),1,-1;4,(149,617),(248,617),-1,-1;4,(119,-115),(19,-64),-2,-1
K	1,(44,669),4;1,(417,669),4;2,(44,0),0;2,(405,0),0;4,(44,669),(136,617),1,-1;4,(44,669),(44,628),0,-1;4,(44,628),(326,628),-1,-1;4,(136,617),(231,617),-1,-1;14,(229,296),(44,0),(44,669),-1;4,(231,617),(489,614),-1,-1;4,(326,628),(417,628),-1,-1;4,(417,628),(647,628),-1,-1;4,(489,614),(550,615),-1,-1;14,(383,414),(405,0),(417,669),-1;4,(44,0),(136,52),1,-1;4,(136,52),(231,52),-1,-1;4,(231,52),(487,51),-1,-1;4,(487,51),(585,51),-1,-1;4,(44,0),(44,41),0,-1;4,(44,41),(326,41),-1,-1;4,(326,41),(405,41),-1,-1;4,(405,41),(662,41),-1,-1;14,(328,348),(405,0),(417,669),-1;14,(229,229),(44,0),(44,669),-1
L	1,(44,669),4;2,(44,0),0;4,(44,669),(136,617),1,-1;4,(44,669),(44,628),0,-1;4,(44,628),(327,628),-1,-1;4,(136,617),(235,617),-1,-1;4,(44,0),(136,52),1,-1;4,(136,52),(235,50),-1,-1;4,(44,0),(44,41),0,-1
M	1,(39,669),4;1,(857,669),4;2,(39,0),0;2,(585,0),0;2,(404,0),0;4,(39,0),(39,41),0,-1;4,(39,0),(129,54),1,-1;4,(39,669),(129,617),1,-1;4,(39,669),(39,628),0,-1;14,(448,119),(404,0),(39,669),-1;4,(857,669),(857,628),0,-1;4,(857,669),(765,617),1,-1;4,(585,0),(669,52),1,-1;4,(669,52),(765,52),-1,-1;4,(585,0),(585,41),0,-1;4,(585,41),(857,41),-1,-1;14,(175,558),(39,669),(39,0),-1;4,(175,558),(671,558),-1,-1;4,(129,54),(181,54),-1,-1;4,(39,41),(263,41),-1,-1
N	1,(454,669),4;1,(44,669),4;2,(575,-7),0;2,(39,0),0;4,(39,0),(39,41),0,-1;4,(39,0),(124,53),1,-1;4,(44,669),(116,620),1,-1;4,(44,669),(44,628),0,-1;14,(559,173),(454,669),(575,-7),-1;4,(116,620),(559,615),-1,-1;4,(44,628),(454,628),-1,-1;4,(454,628),(695,628),-1,-1;4,(559,615),(610,615),-1,-1;14,(175,538),(39,0),(44,669),-1;4,(124,53),(175,55),-1,-1;4,(39,41),(281,41),-1,-1
O	1,(354,684),4;2,(354,-15),0;4,(354,-15),(354,35),0,-1;4,(354,684),(354,634),0,-1
P	1,(44,669),4;2,(44,0),0;6,(233,264),(233,311),0;4,(44,669),(136,617),1,-1;4,(44,669),(44,628),0,-1;4,(44,0),(136,52),1,-1;4,(136,52),(235,52),-1,-1;4,(44,0),(44,41),0,-1;4,(44,41),(328,41),-1,-1;4,(136,617),(235,623),-1,-1
Q	1,(354,684),4;2,(302,-10),0;2,(396,-12),0;6,(500,-216),(534,-160),0;4,(396,-12),(354,35),0,-1;4,(354,684),(354,634),0,-1
R	1,(44,669),4;2,(327,0),0;2,(562,-10),0;2,(637,0),0;6,(233,310),(233,355),0;4,(44,669),(136,617),1,-1;4,(44,669),(44,628),0,-1;14,(399,325),(233,355),(233,310),-1;4,(562,-10),(637,41),1,-1;4,(637,41),(560,50),-1,-1;4,(327,0),(235,52),1,-1;4,(327,0),(327,41),0,-1;4,(327,41),(44,41),-1,-1;4,(235,52),(136,52),-1,-1;4,(136,617),(235,623),-1,-1
S	1,(278,684),4;2,(235,-15),0;4,(235,-15),(232,35),1,-1;4,(278,684),(272,634),0,-1;14,(225,298),(232,35),(272,634),-1;14,(290,379),(272,634),(232,35),-1
T	1,(28,669),4;2,(151,0),0;4,(28,669),(253,619),1,-1;4,(253,619),(351,619),-1,-1;4,(151,0),(253,52),1,-1;4,(253,52),(351,52),-1,-1;4,(151,0),(151,41),0,-1;4,(151,41),(453,41),-1,-1
U	1,(39,669),4;1,(453,669),4;2,(367,-15),0;4,(367,-15),(384,56),1,-1;4,(39,669),(122,618),1,-1;4,(122,618),(220,616),-1,-1;4,(220,616),(555,615),-1,-1;4,(39,669),(39,628),0,-1;4,(39,628),(322,628),-1,-1;4,(322,628),(453,628),-1,-1;4,(453,628),(693,628),-1,-1;4,(555,615),(606,617),-1,-1
V	1,(15,669),4;1,(434,669),4;2,(323,-7),0;4,(15,669),(90,619),1,-1;4,(15,669),(15,628),0,-1;4,(15,628),(288,624),-1,-1;4,(90,619),(192,615),-1,-1;14,(360,135),(434,669),(323,-7),-1;4,(192,615),(523,614),-1,-1;4,(288,624),(434,624),-1,-1;4,(434,624),(665,628),-1,-1;4,(523,614),(578,616),-1,-1
W	1,(370,669),4;1,(726,669),4;1,(15,669),4;2,(278,-7),0;2,(657,-7),0;4,(15,669),(98,618),1,-1;4,(15,669),(15,628),0,-1;4,(15,628),(287,628),-1,-1;4,(98,618),(195,617),-1,-1;14,(318,158),(278,-7),(370,669),-1;4,(195,617),(471,616),-1,-1;4,(287,628),(370,628),-1,-1;4,(370,628),(642,628),-1,-1;4,(471,616),(541,616),-1,-1;14,(689,153),(657,-7),(726,669),-1;4,(541,616),(817,615),-1,-1;4,(642,628),(726,628),-1,-1;4,(726,628),(953,628),-1,-1;4,(817,615),(869,616),-1,-1
X	1,(19,669),4;1,(388,669),4;2,(10,0),0;2,(356,0),0;4,(10,0),(10,41),0,-1;4,(10,0),(105,53),1,-1;4,(19,669),(107,618),1,-1;4,(19,669),(19,628),0,-1;4,(19,628),(300,628),-1,-1;4,(107,618),(212,618),-1,-1;14,(340,404),(105,53),(107,618),-1;4,(212,618),(473,616),-1,-1;4,(300,628),(388,628),-1,-1;4,(388,628),(617,628),-1,-1;4,(473,616),(529,617),-1,-1;4,(105,53),(161,52),-1,-1;4,(161,52),(448,52),-1,-1;4,(448,52),(553,51),-1,-1;4,(10,41),(239,41),-1,-1;4,(239,41),(356,41),-1,-1;4,(356,41),(639,41),-1,-1;14,(308,284),(105,53),(107,618),-1
Y	1,(15,669),4;1,(394,669),4;2,(167,0),0;4,(167,0),(167,41),0,-1;4,(167,0),(269,52),1,-1;4,(15,669),(94,619),1,-1;4,(15,669),(15,628),0,-1;4,(15,628),(297,628),-1,-1;4,(94,619),(202,617),-1,-1;14,(341,314),(269,52),(94,619),-1;4,(202,617),(484,616),-1,-1;4,(297,628),(394,628),-1,-1;4,(394,628),(623,628),-1,-1;4,(484,616),(535,615),-1,-1;4,(269,52),(367,52),-1,-1;4,(167,41),(469,41),-1,-1
Z	1,(509,669),4;2,(20,0),0;4,(20,0),(131,50),1,-1;4,(131,50),(20,36),-1,-1;4,(509,669),(399,619),1,-1;4,(399,619),(509,634),-1,-1
a	1,(253,488),0;2,(179,-13),0;2,(416,-10),0;4,(179,-13),(214,53),1,-1;14,(324,296),(179,-13),(253,488),-1;4,(324,296),(324,259),0,-1;4,(253,488),(230,442),0,-1;14,(105,323),(179,-13),(253,488),-1;4,(416,-10),(444,42),1,-1
b	1,(342,488),0;1,(178,739),5;2,(326,-13),0;2,(30,0),0;2,(180,-10),0;4,(30,0),(30,36),0,-1;4,(30,0),(105,50),1,-1;4,(178,739),(107,649),1,-1;4,(107,649),(25,694),0,-1;4,(326,-13),(310,44),0,-1;4,(342,488),(315,431),0,-1;14,(191,373),(342,488),(326,-13),-1;14,(191,99),(326,-13),(342,488),-1
c	1,(273,488),0;2,(267,-13),0;4,(273,488),(277,442),0,-1;4,(267,-13),(290,52),1,-1
d	1,(258,488),0;1,(460,739),5;2,(249,-13),0;2,(551,0),0;4,(249,-13),(274,44),1,-1;14,(389,60),(249,-13),(258,488),-1;4,(389,60),(386,102),0,-1;14,(389,423),(258,488),(249,-13),-1;4,(389,423),(386,379),0,-1;4,(258,488),(273,431),1,-1;4,(460,739),(389,649),1,-1;4,(389,649),(304,694),0,-1;4,(551,0),(470,49),1,-1;4,(551,0),(551,36),0,-1
e	1,(275,488),0;2,(268,-13),0;4,(268,-13),(297,52),0,-1;14,(137,282),(275,488),(297,52),0;4,(137,282),(135,240),0,-1;4,(275,488),(269,442),0,-1
f	1,(330,749),5;1,(200,475),0;2,(36,0),0;4,(200,475),(202,422),1,-1;4,(202,422),(117,422),-1,-1;4,(200,475),(118,477),-1,-1;4,(118,477),(34,466),-1,-1;4,(330,749),(265,702),1,-1;4,(36,0),(204,51),1,-1;4,(36,0),(36,36),0,-1;4,(36,36),(294,36),-1,-1;4,(204,51),(115,50),-1,-1
g	1,(240,488),0;2,(243,-239),1;2,(198,-14),0;6,(239,160),(237,200),0;4,(243,-239),(247,-193),0,-1;4,(198,-14),(157,-12),-1,-1;4,(198,-14),(198,63),1,-1;4,(240,488),(241,447),0,-1
h	1,(371,488),0;1,(178,739),5;2,(30,0),0;2,(339,0),0;4,(30,0),(105,50),1,-1;4,(105,50),(193,50),-1,-1;4,(193,50),(412,49),-1,-1;4,(412,49),(501,50),-1,-1;4,(30,0),(30,36),0,-1;4,(30,36),(262,36),-1,-1;4,(262,36),(339,36),-1,-1;4,(339,36),(571,36),-1,-1;4,(371,488),(332,416),1,-1;14,(191,351),(371,488),(30,0),-1;4,(178,739),(107,649),1,-1;4,(107,649),(25,694),0,-1
i	1,(153,726),5;1,(183,488),0;2,(35,0),0;4,(183,488),(153,598),-2,-1;4,(35,0),(35,36),0,-1;4,(35,0),(110,50),1,-1;4,(183,488),(109,383),1,-1;4,(109,383),(29,427),0,-1;4,(110,50),(197,50),-1,-1;4,(35,36),(267,36),-1,-1
j	1,(152,726),5;1,(180,488),0;2,(6,-249),1;4,(180,488),(152,598),-2,-1;4,(180,488),(108,383),1,-1;4,(108,383),(29,427),0,-1;4,(6,-249),(74,-199),1,-1
k	1,(289,475),0;1,(181,739),5;2,(25,0),0;2,(411,0),0;4,(181,739),(107,649),1,-1;4,(107,649),(25,694),0,-1;14,(191,240),(25,0),(289,475),-1;4,(289,475),(362,418),0,-1;4,(362,418),(427,422),-1,-1;14,(317,309),(411,0),(289,475),-1;4,(25,0),(105,50),1,-1;4,(105,50),(193,50),-1,-1;4,(193,50),(481,48),-1,-1;4,(25,0),(25,36),0,-1;4,(25,36),(273,36),-1,-1;4,(273,36),(547,36),-1,-1;14,(257,248),(411,0),(289,475),-1;14,(191,180),(25,0),(289,475),-1
l	1,(181,739),5;2,(25,0),0;4,(181,739),(107,649),1,-1;4,(107,649),(25,694),0,-1;4,(25,0),(105,50),1,-1;4,(105,50),(193,50),-1,-1;4,(25,0),(25,36),0,-1;4,(25,36),(273,36),-1,-1
m	1,(372,488),0;1,(672,488),0;1,(174,488),0;2,(40,0),0;2,(340,0),0;2,(640,0),0;4,(640,0),(714,50),1,-1;4,(714,50),(802,50),-1,-1;4,(640,0),(640,36),0,-1;4,(640,36),(872,36),-1,-1;4,(672,488),(632,416),1,-1;4,(340,0),(414,50),1,-1;4,(414,50),(502,50),-1,-1;4,(340,0),(340,36),0,-1;4,(340,36),(572,36),-1,-1;4,(372,488),(334,416),1,-1;4,(40,0),(114,50),1,-1;4,(114,50),(203,50),-1,-1;4,(40,0),(40,36),0,-1;4,(40,36),(272,36),-1,-1;4,(174,488),(113,383),1,-1;4,(113,383),(34,427),0,-1
n	1,(376,488),0;1,(174,488),0;2,(40,0),0;2,(344,0),0;4,(40,0),(114,50),1,-1;4,(114,50),(203,50),-1,-1;4,(203,50),(418,50),-1,-1;4,(418,50),(506,50),-1,-1;4,(40,0),(40,36),0,-1;4,(40,36),(272,36),-1,-1;4,(272,36),(344,36),-1,-1;4,(344,36),(576,36),-1,-1;4,(376,488),(337,416),1,-1;14,(201,356),(174,488),(40,0),-1;4,(174,488),(113,383),1,-1;4,(113,383),(34,427),0,-1;14,(197,397),(174,488),(40,0),-1
o	1,(274,488),0;2,(274,-13),0;4,(274,-13),(274,32),0,-1;4,(274,488),(274,442),0,-1
p	1,(347,488),0;1,(175,488),0;2,(332,-13),0;2,(292,-239),1;4,(347,488),(323,431),1,-1;4,(332,-13),(312,44),1,-1;4,(175,488),(114,383),1,-1;4,(114,383),(35,427),0,-1;14,(196,414),(347,488),(332,-13),-1;14,(199,53),(332,-13),(347,488),-1;4,(292,-239),(115,-190),1,-1;4,(115,-190),(201,-189),-1,-1;4,(292,-239),(292,-204),0,-1;4,(292,-204),(35,-204),-1,-1
q	1,(255,488),0;1,(461,488),0;2,(249,-13),0;2,(299,-239),1;4,(249,-13),(274,44),1,-1;4,(255,488),(273,431),1,-1;4,(299,-239),(476,-190),1,-1;4,(299,-239),(299,-204),0,-1;4,(299,-204),(556,-204),-1,-1;4,(476,-190),(391,-189),-1,-1;14,(393,66),(249,-13),(255,488),-1;14,(393,419),(255,488),(249,-13),-1
r	1,(174,488),0;1,(344,488),0;2,(42,0),0;4,(42,0),(42,36),0,-1;4,(42,0),(114,49),1,-1;4,(174,488),(113,383),1,-1;4,(113,383),(34,427),0,-1;4,(344,488),(284,414),1,-1;4,(284,414),(357,378),-2,-1;14,(201,285),(42,0),(344,488),-1;4,(114,49),(203,51),-1,-1;4,(42,36),(285,36),-1,-1
s	1,(228,488),0;2,(200,-13),0;4,(200,-13),(202,32),0,-1;14,(314,108),(200,-13),(228,488),-1;4,(228,488),(227,442),0,-1;14,(134,374),(200,-13),(228,488),-1
t	8,(184,611),0;1,(98,477),0;1,(179,475),0;2,(205,-13),0;4,(205,-13),(232,39),0,-1;4,(98,477),(92,422),0,-1;4,(92,422),(177,422),-1,-1
u	1,(172,481),0;1,(474,481),0;2,(223,-13),0;2,(410,-8),0;2,(549,0),0;4,(172,481),(96,416),1,-1;4,(96,416),(25,467),1,-1;4,(223,-13),(257,58),1,-1;4,(474,481),(400,416),1,-1;4,(400,416),(329,467),1,-1;4,(410,-8),(481,50),1,-1;4,(549,0),(549,36),0,-1
v	1,(0,475),0;1,(306,475),0;2,(236,-6),0;4,(0,475),(54,426),1,-1;4,(0,475),(0,436),0,-1;4,(0,436),(242,436),-1,-1;4,(54,426),(154,423),-1,-1;14,(276,101),(236,-6),(306,475),-1;4,(154,423),(388,422),-1,-1;4,(242,436),(306,436),-1,-1;4,(306,436),(496,436),-1,-1;4,(388,422),(441,423),-1,-1
w	1,(0,475),0;1,(291,475),0;1,(571,475),0;2,(218,-6),0;2,(517,-6),0;4,(0,475),(57,426),1,-1;4,(0,475),(0,436),0,-1;4,(0,436),(228,436),-1,-1;4,(57,426),(150,424),-1,-1;14,(253,117),(218,-6),(0,475),-1;4,(150,424),(365,424),-1,-1;4,(291,475),(291,436),0,-1;4,(291,436),(512,436),-1,-1;4,(365,424),(438,423),-1,-1;4,(253,117),(551,120),-1,-1;4,(438,423),(645,422),-1,-1;4,(571,475),(571,436),0,-1;4,(571,436),(754,436),-1,-1;4,(645,422),(700,423),-1,-1
x	1,(17,475),0;1,(316,475),0;2,(10,0),0;2,(272,0),0;4,(10,0),(10,36),0,-1;4,(10,36),(210,36),-1,-1;4,(10,0),(74,48),0,-1;14,(245,192),(272,0),(316,475),-1;4,(245,192),(220,229),-1,-1;4,(17,475),(86,425),1,-1;4,(17,475),(17,436),0,-1;4,(17,436),(240,436),-1,-1;4,(86,425),(179,425),-1,-1;14,(275,286),(316,475),(272,0),-1;4,(179,425),(382,423),-1,-1;4,(240,436),(316,436),-1,-1;4,(316,436),(503,436),-1,-1;4,(382,423),(444,425),-1,-1;4,(275,286),(301,249),-1,-1;4,(74,48),(135,49),-1,-1;4,(135,49),(343,49),-1,-1;4,(343,49),(440,50),-1,-1;4,(210,36),(272,36),-1,-1;4,(272,36),(516,36),-1,-1
y	1,(4,475),0;1,(317,475),0;2,(92,-249),1;4,(92,-249),(146,-182),1,-1;14,(240,-26),(92,-249),(4,475),-1;4,(4,475),(59,431),1,-1;4,(4,475),(4,439),0,-1;4,(4,439),(244,438),-1,-1;4,(59,431),(156,428),-1,-1;4,(240,-26),(281,87),-2,-1;4,(156,428),(404,427),-1,-1;4,(317,475),(317,439),0,-1;4,(317,439),(512,439),-1,-1;4,(404,427),(458,428),-1,-1
z	1,(416,475),0;2,(29,0),0;4,(416,475),(315,432),0,-1;4,(315,432),(416,439),-1,-1;4,(29,0),(131,42),0,-1;4,(131,42),(29,35),-1,-1
AE	1,(318,669),4;2,(368,0),0;2,(234,0),0;4,(368,0),(368,41),0,-1;4,(368,41),(234,41),-1,-1;4,(234,41),(5,41),-1,-1;4,(368,0),(552,50),1,-1;4,(552,50),(453,51),-1,-1;4,(453,51),(147,54),-1,-1;4,(147,54),(88,52),-1,-1;4,(318,669),(552,619),1,-1;4,(552,619),(455,613),-1,-1;4,(455,613),(395,617),-1,-1;4,(318,669),(318,628),0,-1;14,(550,318),(234,0),(318,669),-1;4,(550,318),(550,365),0,-1;14,(455,249),(234,0),(318,669),-1;4,(455,249),(455,295),0,-1
Hbar	1,(44,669),4;1,(462,669),4;2,(44,0),0;2,(462,0),0;6,(556,466),(556,512),1;6,(556,299),(556,346),1;4,(556,466),(138,466),-1,-1;4,(556,512),(30,512),-1,-1;4,(44,669),(136,617),1,-1;4,(44,669),(44,628),0,-1;4,(44,628),(326,628),-1,-1;4,(136,617),(235,618),-1,-1;4,(462,669),(554,617),1,-1;4,(462,669),(462,628),0,-1;4,(462,628),(744,628),-1,-1;4,(554,617),(652,617),-1,-1;4,(556,512),(650,512),-1,-1;4,(556,466),(759,466),-1,-1;4,(462,0),(554,52),1,-1;4,(554,52),(652,52),-1,-1;4,(462,0),(462,41),0,-1;4,(462,41),(744,41),-1,-1;4,(44,0),(136,52),1,-1;4,(136,52),(235,51),-1,-1;4,(44,0),(44,41),0,-1;4,(44,41),(326,41),-1,-1
Lslash	1,(44,669),4;2,(44,0),0;14,(233,309),(44,0),(44,669),-1;4,(44,0),(136,52),1,-1;4,(136,52),(235,50),-1,-1;4,(44,0),(44,41),0,-1;4,(233,309),(138,261),-1,-1;4,(233,309),(233,367),1,-1;4,(233,367),(138,318),-1,-1;4,(44,669),(136,617),1,-1;4,(44,669),(44,628),0,-1;4,(44,628),(327,628),-1,-1;4,(136,617),(235,617),-1,-1
Oslash	1,(604,690),4;1,(354,684),4;2,(95,-21),0;2,(354,-15),0;4,(354,-15),(354,35),0,-1;4,(354,684),(354,634),0,-1;14,(182,173),(354,35),(354,634),-1;14,(522,503),(354,634),(354,35),-1
OE	1,(382,684),4;1,(510,669),4;2,(382,-15),0;2,(510,0),0;6,(567,318),(567,365),0;4,(382,-15),(389,35),1,-1;4,(510,0),(569,50),1,-1;4,(569,50),(470,45),-1,-1;4,(510,669),(569,619),1,-1;4,(569,619),(470,624),-1,-1;4,(382,684),(390,634),1,-1
Germandbls	1,(403,684),4;2,(483,-15),0;2,(44,0),0;6,(577,640),(577,614),0;4,(44,0),(44,41),0,-1;4,(44,0),(136,52),1,-1;14,(476,470),(403,684),(483,-15),-1;4,(483,-15),(474,31),0,-1;14,(584,136),(483,-15),(403,684),-1;14,(517,622),(577,640),(577,614),-1;4,(403,684),(407,634),0,-1
Uogonek	1,(39,669),4;1,(453,669),4;2,(374,-15),0;6,(454,-220),(489,-164),-2;4,(39,669),(39,628),0,-1;4,(39,628),(322,628),-1,-1;4,(39,669),(122,618),1,-1;4,(122,618),(220,616),-1,-1;4,(374,-15),(380,56),0,-1;4,(220,616),(555,616),-1,-1;4,(322,628),(453,628),-1,-1;4,(453,628),(693,628),-1,-1;4,(555,616),(606,616),-1,-1;14,(496,18),(380,56),(374,-15),-1
Uhorn	1,(39,669),4;1,(453,669),4;2,(367,-15),0;4,(367,-15),(384,56),1,-1;4,(453,669),(555,615),1,-1;4,(453,669),(453,628),0,-1;4,(39,669),(122,618),1,-1;4,(39,669),(39,628),0,-1;4,(122,618),(220,616),-1,-1
Eth	1,(44,669),4;2,(44,0),0;14,(233,366),(44,0),(44,669),-1;4,(233,366),(233,319),0,-1;4,(44,0),(136,52),1,-1;4,(136,52),(235,47),-1,-1;4,(44,669),(136,617),1,-1;4,(136,617),(235,623),-1,-1;4,(44,0),(44,41),0,-1;4,(233,319),(138,319),-1,-1;4,(233,366),(138,366),-1,-1;4,(44,669),(44,628),0,-1
Thorn	1,(44,669),4;2,(44,0),0;4,(44,669),(136,617),1,-1;4,(44,669),(44,628),0,-1;4,(44,628),(332,628),-1,-1;4,(136,617),(235,617),-1,-1;14,(234,535),(44,669),(44,0),-1;14,(233,154),(44,0),(44,669),-1;4,(44,0),(136,52),1,-1;4,(136,52),(235,52),-1,-1;4,(44,0),(44,41),0,-1;4,(44,41),(332,41),-1,-1;4,(233,154),(233,201),0,-1;4,(234,535),(233,488),0,-1
Schwa	1,(315,684),4;2,(327,-15),0;6,(506,319),(505,366),1;4,(315,684),(295,624),1,-1;4,(327,-15),(328,35),0,-1
aogonek	1,(253,488),0;2,(179,-13),0;2,(416,-11),0;6,(420,-220),(460,-164),1;14,(324,259),(179,-13),(253,488),-1;4,(324,259),(324,296),0,-1;4,(253,488),(230,442),0,-1;14,(105,319),(179,-13),(253,488),-1;4,(416,-11),(441,42),1,-1;4,(179,-13),(214,53),1,-1
ae	1,(548,488),0;1,(253,488),0;2,(179,-13),0;2,(542,-13),0;6,(409,240),(411,282),0;4,(179,-13),(214,53),1,-1;4,(409,240),(321,257),-1,-1;4,(411,282),(324,295),-1,-1;4,(253,488),(233,442),0,-1;14,(105,319),(179,-13),(253,488),-1;4,(542,-13),(572,52),1,-1;4,(548,488),(543,442),0,-1
dcroat	1,(255,475),0;1,(460,739),5;2,(249,-13),0;2,(396,-10),0;2,(551,0),0;6,(389,538),(389,584),0;4,(460,739),(389,649),1,-1;4,(389,649),(304,694),0,-1;4,(389,584),(470,584),-1,-1;4,(389,538),(470,538),-1,-1;4,(551,0),(551,36),0,-1;4,(551,36),(470,49),-1,-1;4,(249,-13),(274,44),1,-1;14,(386,102),(249,-13),(255,475),-1;14,(386,365),(255,475),(249,-13),-1;4,(255,475),(275,418),1,-1
eogonek	1,(274,488),0;2,(268,-13),0;6,(344,-220),(385,-164),1;6,(135,240),(137,282),0;4,(268,-13),(298,52),1,-1;4,(274,488),(268,442),0,-1
hbar	8,(371,465),0;1,(178,739),5;2,(30,0),0;2,(339,0),0;6,(188,584),(188,538),0;4,(188,584),(107,584),-1,-1;4,(178,739),(107,649),1,-1;4,(107,649),(25,694),0,-1;14,(191,328),(30,0),(178,739),-1;4,(191,328),(188,372),0,-1;4,(339,0),(412,49),1,-1;4,(412,49),(501,50),-1,-1;4,(339,0),(339,36),0,-1;4,(339,36),(571,36),-1,-1;4,(371,465),(332,393),1,-1;4,(30,0),(105,50),1,-1;4,(105,50),(193,50),-1,-1;4,(30,0),(30,36),0,-1;4,(30,36),(262,36),-1,-1;4,(188,538),(107,538),-1,-1
dotlessi	1,(184,488),0;2,(35,0),0;4,(35,0),(35,36),0,-1;4,(35,0),(109,50),1,-1;4,(184,488),(108,383),1,-1;4,(108,383),(29,427),0,-1;4,(109,50),(198,50),-1,-1;4,(35,36),(267,36),-1,-1
dotlessj	1,(181,488),0;2,(16,-249),1;4,(181,488),(108,383),1,-1;4,(108,383),(29,427),0,-1;4,(16,-249),(68,-194),1,-1
kgreenlandic	1,(299,475),0;1,(188,488),0;2,(40,0),0;2,(556,0),0;4,(40,0),(40,36),0,-1;4,(40,0),(114,50),1,-1;4,(188,488),(113,383),1,-1;4,(113,383),(34,427),0,-1;14,(201,181),(40,0),(188,488),-1;4,(201,181),(201,241),1,-1;4,(299,475),(373,419),1,-1;4,(299,475),(299,436),0,-1;4,(299,436),(531,436),-1,-1;4,(373,419),(437,422),-1,-1;4,(556,0),(556,36),0,-1;4,(114,50),(203,50),-1,-1;4,(40,36),(272,36),-1,-1
ldot	1,(181,739),5;2,(25,0),0;6,(330,253),(330,381),-1;4,(181,739),(107,649),1,-1;4,(107,649),(25,694),0,-1;4,(25,0),(105,50),0,-1;4,(105,50),(193,50),-1,-1
lslash	1,(181,739),5;2,(25,0),0;4,(25,0),(25,36),0,-1;4,(181,739),(107,649),1,-1;4,(107,649),(25,694),0,-1
ohorn	1,(274,488),0;2,(274,-13),0;4,(274,-13),(274,32),0,-1;4,(274,488),(274,442),0,-1
oslash	1,(274,488),0;2,(274,-13),0;14,(173,86),(274,-13),(274,488),-1;4,(173,86),(154,128),0,-1;14,(369,395),(274,488),(274,-13),-1;4,(274,488),(274,442),0,-1;4,(274,-13),(274,32),0,-1;4,(369,395),(391,356),0,-1
oe	1,(274,488),0;1,(634,488),0;2,(274,-13),0;2,(628,-13),0;6,(495,240),(497,282),0;4,(274,488),(274,442),0,-1;4,(274,-13),(274,32),0,-1;14,(452,81),(274,-13),(274,488),-1;14,(456,389),(274,-13),(274,488),-1;4,(628,-13),(658,52),1,-1;4,(634,488),(629,442),0,-1
longs	1,(319,749),5;2,(25,0),0;4,(319,749),(254,702),1,-1;4,(25,0),(105,50),1,-1;4,(105,50),(193,51),-1,-1;4,(105,50),(25,36),-1,-1;4,(25,36),(283,36),-1,-1
germandbls	1,(338,749),5;2,(401,-13),0;2,(25,0),0;14,(426,474),(338,749),(401,-13),-1;14,(447,290),(401,-13),(338,749),-1;4,(401,-13),(396,32),0,-1;14,(403,218),(401,-13),(338,749),-1;14,(365,486),(338,749),(401,-13),-1;4,(338,749),(323,704),0,-1;4,(25,0),(25,36),0,-1;4,(25,0),(105,50),1,-1
uogonek	1,(474,481),0;1,(172,481),0;2,(223,-13),0;2,(549,0),0;2,(475,-4),0;2,(410,-8),0;2,(510,-2),0;6,(475,-220),(516,-164),1;14,(400,81),(223,-13),(474,481),-1;4,(172,481),(25,431),1,-1;4,(25,431),(96,416),-1,-1;4,(223,-13),(257,58),1,-1;4,(474,481),(329,431),1,-1;4,(329,431),(400,416),-1,-1;4,(549,0),(481,50),1,-1;4,(481,50),(549,36),-1,-1
uhorn	1,(172,481),0;1,(474,481),0;2,(223,-13),0;2,(410,-8),0;2,(549,0),0;4,(172,481),(96,416),1,-1;4,(96,416),(25,467),1,-1;4,(223,-13),(257,58),1,-1;4,(474,481),(400,416),1,-1;4,(400,416),(329,467),1,-1;4,(410,-8),(481,50),1,-1;4,(549,0),(549,36),0,-1
eth	1,(171,749),5;1,(266,475),0;2,(262,-13),0;6,(299,597),(269,627),0;14,(392,425),(262,-13),(171,749),-1;4,(171,749),(151,716),0,-1;4,(269,627),(322,654),-1,-1;4,(299,597),(354,625),-1,-1;4,(262,-13),(271,32),0,-1;4,(266,475),(271,429),0,-1
thorn	1,(319,488),0;1,(160,739),5;2,(303,-13),0;2,(6,-239),1;4,(319,488),(292,431),0,-1;14,(173,377),(319,488),(303,-13),-1;14,(173,96),(303,-13),(319,488),-1;4,(303,-13),(287,44),0,-1;4,(6,-239),(86,-190),0,-1;4,(160,739),(88,649),1,-1;4,(88,649),(7,694),0,-1;4,(86,-190),(172,-189),-1,-1
schwa	1,(250,488),0;2,(250,-13),0;6,(383,220),(381,262),0;4,(250,488),(223,423),1,-1;4,(250,-13),(248,32),0,-1
f_i	1,(361,749),5;1,(34,466),0;1,(502,488),0;1,(118,477),0;1,(518,478),0;1,(200,475),0;2,(585,0),0;2,(293,0),0;4,(293,0),(204,51),1,-1;4,(204,51),(293,36),-1,-1;4,(293,36),(36,36),-1,-1;4,(204,51),(115,50),-1,-1;4,(200,475),(202,422),1,-1;4,(202,422),(117,422),-1,-1;4,(117,422),(34,422),-1,-1;4,(585,0),(517,50),1,-1;4,(517,50),(585,36),-1,-1;4,(585,36),(353,36),-1,-1;4,(517,50),(428,50),-1,-1;4,(502,488),(427,422),1,-1
f_l	1,(34,466),0;1,(200,475),0;1,(118,477),0;1,(354,749),5;1,(495,739),5;2,(36,0),0;2,(340,0),0;4,(36,0),(115,50),1,-1;4,(115,50),(36,36),-1,-1;4,(118,477),(117,422),1,-1;4,(115,50),(204,51),-1,-1;4,(204,51),(419,50),-1,-1;4,(419,50),(507,50),-1,-1;4,(36,36),(293,36),-1,-1;4,(293,36),(340,36),-1,-1;4,(340,36),(587,36),-1,-1;4,(354,749),(307,705),0,-1;4,(200,475),(202,422),1,-1
f_t	1,(330,749),5;1,(200,475),0;1,(498,475),0;1,(118,477),0;2,(36,0),0;2,(524,-13),0;4,(200,475),(202,422),1,-1;4,(36,0),(115,50),1,-1;4,(115,50),(204,51),-1,-1;4,(204,51),(294,36),-1,-1;4,(115,50),(36,36),-1,-1;4,(118,477),(117,422),1,-1;4,(118,477),(34,466),-1,-1;4,(330,749),(265,702),1,-1;4,(498,475),(496,422),1,-1;4,(524,-13),(551,39),1,-1
ampersand	1,(269,684),4;2,(238,-13),0;2,(594,-13),0;2,(670,-3),0;6,(472,429),(472,389),0;14,(202,348),(238,-13),(269,684),-1;4,(202,348),(178,376),-1,-1;4,(202,348),(273,383),-1,-1;4,(472,429),(551,376),1,-1;4,(472,389),(675,389),-1,-1;4,(551,376),(599,375),-1,-1;4,(594,-13),(674,41),0,-1;4,(178,376),(249,410),-1,-1;4,(269,684),(268,649),0,-1;4,(238,-13),(265,51),1,-1;14,(413,104),(238,-13),(202,348),-1
zero	1,(251,659),3;2,(251,-13),0;4,(251,-13),(251,32),0,-1;4,(251,659),(251,614),0,-1
one	1,(291,654),3;2,(74,0),0;4,(291,654),(217,571),1,-1;4,(217,571),(85,601),-1,-1;4,(74,0),(215,60),0,-1;4,(215,60),(303,60),-1,-1;4,(74,0),(74,36),0,-1;4,(74,36),(445,36),-1,-1;4,(85,601),(85,560),0,-1
zero.slash	1,(250,659),3;2,(250,-13),0;4,(250,659),(250,614),0,-1;4,(250,-13),(250,32),0,-1
zero.lf	1,(252,659),3;2,(252,-13),0;4,(252,-13),(251,32),0,-1;4,(252,659),(251,614),0,-1
one.lf	1,(260,655),3;2,(63,0),0;4,(260,655),(185,572),1,-1;4,(185,572),(63,603),-1,-1;4,(63,0),(183,58),0,-1;4,(183,58),(272,58),-1,-1;4,(63,0),(63,36),0,-1;4,(63,36),(392,36),-1,-1;4,(63,603),(63,562),0,-1
two.lf	1,(253,659),3;2,(467,0),0;4,(467,0),(132,82),-2,-1;4,(132,82),(56,65),-1,-1;4,(253,659),(228,614),0,-1
three.lf	1,(240,659),3;2,(228,-13),0;6,(162,315),(162,365),1;4,(240,659),(223,614),0,-1;14,(301,341),(162,365),(162,315),-1;4,(228,-13),(215,32),0,-1
four.lf	1,(326,654),3;2,(301,0),0;6,(301,193),(301,256),1;4,(301,193),(384,193),-1,-1;4,(301,256),(90,256),-1,-1;4,(90,256),(29,246),-1,-1;4,(301,256),(384,256),-1,-1;14,(301,549),(326,654),(301,0),-1
five.lf	1,(116,646),3;2,(228,-13),0;6,(215,345),(242,406),1;4,(228,-13),(221,32),0,-1;4,(116,646),(160,564),-2,-1
six.lf	1,(434,659),3;2,(268,-13),0;6,(267,336),(289,397),1;4,(434,659),(440,627),1,-1;4,(268,-13),(270,32),0,-1;14,(141,290),(434,659),(268,-13),-1
seven.lf	1,(441,646),3;2,(203,0),0;4,(441,646),(374,564),-2,-1;4,(374,564),(441,595),-1,-1
eight.lf	1,(258,659),3;2,(256,-13),0;14,(190,317),(256,-13),(258,659),-1;14,(312,347),(256,-13),(258,659),-1;4,(312,347),(274,365),-1,-1;4,(258,659),(256,614),0,-1;4,(256,-13),(258,31),0,-1;4,(190,317),(227,298),-1,-1
nine.lf	1,(259,659),3;2,(103,-20),0;4,(103,-20),(93,18),0,-1;14,(240,256),(103,-20),(259,659),-1;4,(240,256),(267,316),1,-1;4,(259,659),(254,614),0,-1
zero.lfslash	1,(252,659),3;2,(252,-13),0;4,(252,659),(251,614),0,-1;4,(252,-13),(251,32),0,-1
zero.tosf	1,(251,540),1;2,(251,-13),0;4,(251,-13),(251,32),0,-1;4,(251,540),(251,494),0,-1
one.tosf	1,(290,536),1;2,(73,0),0;4,(290,536),(216,452),1,-1;4,(216,452),(74,481),-1,-1;4,(73,0),(214,60),0,-1;4,(214,60),(303,60),-1,-1;4,(73,0),(73,36),0,-1;4,(73,36),(444,36),-1,-1;4,(74,481),(74,440),0,-1
zero.osf	1,(276,540),1;2,(276,-13),0;4,(276,-13),(276,32),0,-1;4,(276,540),(276,494),0,-1
one.osf	1,(269,536),1;2,(73,0),0;4,(269,536),(195,452),1,-1;4,(195,452),(63,483),-1,-1;4,(73,0),(193,58),0,-1;4,(193,58),(282,58),-1,-1;4,(73,0),(73,36),0,-1;4,(73,36),(402,36),-1,-1;4,(63,483),(63,442),0,-1
two.osf	1,(257,540),1;2,(55,0),0;4,(55,0),(145,82),1,-1;4,(145,82),(55,65),-1,-1;4,(257,540),(237,494),0,-1
zero.cap	1,(251,682),4;2,(251,-13),0;4,(251,-13),(251,32),0,-1;4,(251,682),(251,637),0,-1
one.cap	1,(291,678),4;2,(74,0),0;4,(291,678),(217,595),1,-1;4,(217,595),(85,625),-1,-1;4,(74,0),(215,60),0,-1;4,(215,60),(303,60),-1,-1;4,(74,0),(74,36),0,-1;4,(74,36),(445,36),-1,-1;4,(85,625),(85,584),0,-1
two.cap	1,(246,682),4;2,(460,0),0;4,(460,0),(123,82),-2,-1;4,(123,82),(49,65),-1,-1;4,(246,682),(221,637),0,-1
three.cap	1,(247,682),4;2,(235,-13),0;6,(170,328),(170,378),1;4,(247,682),(230,637),0,-1;14,(308,354),(170,378),(170,328),-1;4,(235,-13),(222,32),0,-1
four.cap	1,(321,679),4;2,(296,0),0;6,(296,206),(296,269),1;4,(296,206),(380,206),-1,-1;4,(296,269),(84,269),-1,-1;4,(84,269),(24,259),-1,-1;4,(296,269),(380,269),-1,-1;14,(296,573),(321,679),(296,0),-1
five.cap	1,(113,669),4;2,(225,-13),0;6,(211,358),(239,419),1;4,(225,-13),(218,32),0,-1;4,(113,669),(158,587),-2,-1
six.cap	1,(422,682),4;2,(256,-13),0;6,(256,349),(278,410),1;4,(422,682),(428,650),1,-1;14,(130,303),(422,682),(256,-13),-1;4,(130,303),(133,345),0,-1;4,(256,-13),(258,32),0,-1
seven.cap	1,(463,669),4;2,(225,0),0;4,(463,669),(397,587),-2,-1;4,(397,587),(463,618),-1,-1
eight.cap	1,(252,682),4;2,(250,-13),0;14,(222,310),(250,-13),(252,682),-1;4,(222,310),(185,329),-1,-1;14,(269,377),(252,682),(250,-13),-1;4,(269,377),(307,359),-1,-1;4,(252,682),(250,637),0,-1;4,(250,-13),(253,31),0,-1
nine.cap	1,(242,682),4;2,(87,-18),0;6,(223,268),(250,328),1;4,(87,-18),(77,20),0,-1;14,(354,316),(87,-18),(242,682),-1;4,(354,316),(359,367),1,-1;4,(242,682),(238,637),0,-1
period	2,(150,-13),0;4,(150,-13),(150,130),-2,-1
comma	2,(116,-5),0;4,(116,-5),(140,130),-2,-1
exclam	1,(145,684),4;2,(145,-13),0;4,(145,-13),(145,117),-2,-1;4,(145,117),(126,215),-2,-1
question	1,(121,684),4;2,(149,-13),0;6,(216,323),(182,391),1;4,(149,-13),(149,117),-2,-1;4,(149,117),(169,213),1,-1;4,(121,684),(138,575),1,-1
trademark	8,(553,375),0;1,(14,669),4;1,(315,669),4;1,(595,669),4;14,(502,467),(553,375),(595,669),-1;4,(14,669),(53,640),0,-1;4,(53,640),(177,640),-1,-1;4,(177,640),(315,641),-1,-1;4,(315,641),(655,638),-1,-1;4,(553,375),(492,375),-1,-1;4,(492,375),(417,375),-1,-1;4,(417,375),(218,375),-1,-1
servicemark	8,(516,375),0;1,(138,675),4;1,(278,669),4;1,(558,669),4;14,(465,467),(516,375),(558,669),-1;4,(138,675),(140,650),0,-1;4,(140,650),(278,641),-1,-1;4,(278,641),(618,638),-1,-1;4,(516,375),(455,375),-1,-1;4,(455,375),(380,375),-1,-1;4,(380,375),(124,367),-1,-1;4,(124,367),(123,393),0,-1;14,(181,435),(124,367),(138,675),-1;14,(88,611),(138,675),(124,367),-1
at	1,(465,471),0;1,(475,647),3;6,(398,-155),(419,-113),0;6,(339,43),(370,102),1;4,(465,471),(457,424),0,-1;4,(475,647),(469,605),0,-1;4,(339,43),(580,43),-1,-1;4,(370,102),(596,90),-1,-1
at.cap	6,(339,117),(370,176),1;6,(457,498),(465,545),0;6,(475,721),(469,679),0;6,(398,-81),(419,-39),0;4,(339,117),(580,117),-1,-1;4,(370,176),(596,164),-1,-1
zero.sups	8,(186,416),0;8,(186,831),0;4,(186,416),(186,449),0,-1;4,(186,831),(186,797),0,-1
one.sups	8,(66,425),0;8,(218,828),0;4,(218,828),(156,765),1,-1;4,(156,765),(79,796),-1,-1;4,(66,425),(156,470),1,-1;4,(156,470),(227,470),-1,-1;4,(66,425),(66,454),0,-1;4,(66,454),(315,454),-1,-1;4,(79,796),(79,759),0,-1
two.sups	8,(54,425),0;8,(187,831),0;4,(54,425),(128,495),1,-1;4,(128,495),(54,475),-1,-1;4,(187,831),(160,797),0,-1
three.sups	8,(183,831),0;8,(179,416),0;6,(129,613),(129,653),0;4,(183,831),(163,797),0,-1;14,(232,635),(129,653),(129,613),-1;4,(179,416),(160,449),0,-1
four.sups	8,(202,425),0;8,(220,828),0;6,(202,583),(202,526),1;4,(202,583),(81,583),-1,-1;4,(81,583),(32,572),-1,-1;4,(202,583),(267,583),-1,-1;4,(202,526),(267,526),-1,-1;14,(202,756),(220,828),(202,425),-1
five.sups	8,(176,416),0;8,(96,821),0;6,(160,631),(179,675),0;4,(176,416),(169,449),0,-1;4,(96,821),(126,751),1,-1
six.sups	8,(196,416),0;8,(296,834),0;6,(193,628),(211,671),0;4,(296,834),(300,805),0,-1;4,(196,416),(197,449),0,-1
seven.sups	8,(323,821),0;8,(172,425),0;4,(323,821),(268,751),1,-1;4,(268,751),(323,780),-1,-1
eight.sups	8,(183,416),0;8,(189,831),0;14,(160,603),(183,416),(189,831),-1;4,(160,603),(131,617),-1,-1;14,(206,657),(183,416),(189,831),-1;4,(206,657),(236,643),-1,-1;4,(189,831),(187,798),0,-1;4,(183,416),(185,448),0,-1
nine.sups	8,(181,831),0;8,(87,416),0;4,(87,416),(80,445),0,-1;4,(181,831),(178,797),0,-1;14,(169,580),(87,416),(178,797),-1;4,(169,580),(189,623),0,-1
a.sups	8,(118,416),0;1,(175,749),5;6,(216,596),(216,622),-2;4,(118,416),(149,463),0,-1;4,(149,463),(304,457),-1,0;4,(118,416),(283,418),-1,0;4,(175,749),(154,718),0,-1;14,(72,633),(118,416),(175,749),-1
b.sups	8,(124,898),0;8,(227,415),0;1,(237,749),5;4,(227,415),(217,461),0,-1;14,(133,458),(227,415),(217,461),-1;4,(227,415),(128,416),-1,0;4,(217,461),(69,462),-1,0;4,(124,898),(69,834),1,-1;4,(69,834),(16,868),0,-1;4,(237,749),(221,704),0,-1
c.sups	8,(184,415),0;1,(192,749),5;4,(192,749),(196,714),0,-1;4,(184,415),(204,467),1,-1
d.sups	8,(318,898),0;8,(163,415),0;1,(172,749),5;6,(379,425),(328,462),0;4,(163,415),(185,461),0,-1;4,(172,749),(185,704),0,-1;4,(163,415),(269,418),-1,0;4,(318,898),(260,834),1,-1;4,(260,834),(207,868),0,-1
e.sups	8,(188,415),0;1,(189,749),5;6,(99,579),(100,611),0;4,(188,415),(205,467),1,-1;4,(189,749),(187,714),0,-1
f.sups	8,(226,911),0;8,(24,425),0;1,(22,732),5;1,(76,738),5;1,(142,737),5;4,(24,425),(202,455),0,-1;4,(202,455),(24,455),-1,-1;4,(24,425),(75,464),0,-1;4,(142,737),(231,695),0,-1;4,(231,695),(75,695),-1,-1;4,(75,695),(22,695),-1,-1;4,(226,911),(191,881),0,-1;4,(75,464),(143,465),-1,-1
g.sups	1,(331,747),5;1,(163,748),5;1,(151,478),0;1,(43,480),0;6,(162,272),(166,307),0;6,(276,696),(256,720),0;6,(163,536),(161,564),0;4,(151,478),(142,408),1,-1;4,(331,747),(341,696),0,-1;14,(81,421),(151,478),(142,408),-1;14,(89,552),(163,536),(161,564),-1;4,(163,748),(164,720),0,-1
h.sups	8,(127,898),0;8,(21,425),0;1,(255,749),5;4,(21,425),(69,464),0,-1;4,(69,464),(137,464),-1,-1;4,(137,464),(279,463),-1,-1;4,(279,463),(347,464),-1,-1;4,(21,425),(21,455),0,-1;4,(21,455),(183,455),-1,-1;4,(183,455),(232,455),-1,-1;4,(232,455),(392,455),-1,-1;4,(21,425),(232,425),-1,-1;4,(255,749),(227,695),1,-1;4,(127,898),(69,834),1,-1;4,(69,834),(16,868),0,-1
i.sups	8,(186,425),0;1,(130,749),5;4,(130,749),(107,809),1,-1;4,(107,809),(107,900),-2,-1;4,(186,425),(186,455),0,-1;4,(186,455),(24,455),-1,-1;4,(186,425),(140,464),0,-1;4,(140,464),(72,464),-1,-1;4,(130,749),(72,674),1,-1;4,(72,674),(21,708),0,-1
j.sups	8,(10,266),0;1,(128,748),5;4,(128,748),(104,809),1,-1;4,(104,809),(104,900),1,-1;4,(128,748),(71,677),1,-1;4,(71,677),(18,707),0,-1;4,(10,266),(46,305),0,-1
k.sups	8,(366,425),0;8,(127,898),0;1,(203,737),5;4,(127,898),(69,834),1,-1;4,(69,834),(16,868),0,-1;14,(137,536),(366,425),(127,898),-1;4,(137,536),(137,577),0,-1;4,(203,737),(252,699),0,-1;4,(252,699),(359,706),-1,0;4,(359,706),(294,698),-1,0;4,(137,536),(177,577),-1,-1;4,(177,577),(222,624),-1,-1;4,(366,425),(320,464),0,-1;4,(366,425),(366,455),0,-1;4,(320,464),(137,464),-1,-1;4,(366,455),(188,455),-1,-1;4,(366,425),(188,425),-1,-1;4,(366,455),(18,455),-1,-1;4,(137,464),(69,464),-1,-1
l.sups	8,(188,425),0;8,(127,898),0;4,(127,898),(69,834),1,-1;4,(69,834),(16,868),0,-1;4,(188,425),(137,464),0,-1;4,(188,425),(188,455),0,-1;4,(188,455),(18,455),-1,-1;4,(137,464),(69,464),-1,-1
m.sups	8,(598,425),0;1,(460,749),5;1,(255,749),5;1,(123,749),5;4,(598,425),(552,464),0,-1;4,(598,425),(598,455),0,-1;4,(598,455),(437,455),-1,-1;4,(552,464),(485,464),-1,-1;4,(460,749),(435,695),1,-1;4,(485,464),(348,464),-1,-1;4,(437,455),(393,455),-1,-1;4,(598,425),(393,425),-1,-1;4,(393,455),(233,455),-1,-1;4,(348,464),(281,464),-1,-1;4,(435,695),(231,695),-1,-1;4,(281,464),(144,464),-1,-1;4,(233,455),(188,455),-1,-1;4,(393,425),(188,425),-1,-1;4,(188,455),(28,455),-1,-1;4,(144,464),(76,464),-1,-1;4,(123,749),(76,674),1,-1;4,(76,674),(23,708),0,-1
n.sups	8,(28,425),0;1,(123,749),5;1,(258,749),5;4,(28,425),(75,463),0,-1;4,(75,463),(143,464),-1,-1;4,(143,464),(283,464),-1,-1;4,(283,464),(351,464),-1,-1;4,(28,425),(28,455),0,-1;4,(28,455),(188,455),-1,-1;4,(188,455),(235,455),-1,-1;4,(235,455),(396,455),-1,-1;4,(28,425),(235,425),-1,-1;4,(258,749),(234,695),1,-1;4,(123,749),(75,674),1,-1;4,(75,674),(23,708),0,-1
o.sups	8,(189,415),0;1,(189,749),5;4,(189,749),(189,714),0,-1;4,(189,415),(189,450),0,-1
p.sups	8,(201,272),0;8,(235,415),0;1,(245,749),5;1,(124,749),5;4,(245,749),(226,704),0,-1;4,(235,415),(223,461),0,-1;4,(201,272),(201,302),0,-1;4,(201,302),(24,302),-1,-1;4,(201,272),(144,312),0,-1;4,(144,312),(76,312),-1,-1;4,(124,749),(76,674),1,-1;4,(76,674),(23,708),0,-1;14,(144,460),(235,415),(223,461),-1
q.sups	8,(382,272),0;8,(156,415),0;1,(331,743),5;1,(168,749),5;4,(156,415),(178,461),0,-1;4,(168,749),(179,704),0,-1;4,(382,272),(331,312),-2,-1;4,(382,272),(382,302),0,-1;4,(382,302),(205,302),-1,-1;4,(331,312),(263,312),-1,-1
r.sups	8,(199,425),0;1,(242,749),5;1,(123,749),5;4,(199,425),(199,455),0,-1;4,(199,455),(29,455),-1,-1;4,(199,425),(143,465),0,-1;4,(143,465),(75,463),-1,-1;4,(123,749),(75,674),1,-1;4,(75,674),(23,708),0,-1;4,(242,749),(245,667),1,-1
s.sups	8,(140,415),0;1,(159,749),5;4,(140,415),(144,450),0,-1;14,(215,493),(140,415),(159,749),-1;4,(159,749),(159,714),0,-1;14,(96,674),(159,749),(140,415),-1
t.sups	8,(140,418),0;1,(128,737),5;1,(65,739),5;1,(7,732),5;4,(140,418),(163,469),1,-1;4,(7,732),(60,695),0,-1;4,(60,695),(215,695),-1,-1
u.sups	8,(153,415),0;1,(329,743),5;1,(121,743),5;6,(378,425),(335,465),0;4,(153,415),(279,418),-1,0;4,(121,743),(60,696),1,-1;4,(60,696),(18,732),0,-1;4,(153,415),(176,470),1,-1;4,(60,696),(267,696),-1,-1;4,(18,732),(225,731),-1,-1;4,(378,425),(378,455),0,-1
v.sups	8,(162,418),0;1,(167,737),5;4,(167,737),(116,698),0,-1;4,(116,698),(40,699),-1,-1;4,(167,737),(167,706),0,-1;4,(167,706),(0,706),-1,-1;14,(195,506),(162,418),(167,737),-1;4,(116,698),(266,699),-1,-1;4,(167,706),(213,706),-1,-1;4,(167,737),(213,737),-1,-1;4,(213,706),(344,706),-1,-1;4,(266,699),(304,699),-1,-1
w.sups	8,(149,418),0;1,(0,737),5;4,(149,418),(353,418),-1,-1;4,(0,737),(40,701),0,-1;4,(0,737),(0,706),0,-1;4,(0,706),(159,706),-1,-1;4,(40,701),(113,700),-1,-1;14,(381,526),(353,418),(354,737),-1;4,(381,526),(179,525),-1,-1;4,(113,700),(249,700),-1,-1;4,(159,706),(202,706),-1,-1;4,(0,737),(202,737),-1,-1;4,(202,706),(354,706),-1,-1;4,(249,700),(309,700),-1,-1;4,(309,700),(442,699),-1,-1;4,(354,706),(395,706),-1,-1;4,(202,737),(395,737),-1,-1;4,(395,706),(521,706),-1,-1;4,(442,699),(481,699),-1,-1
x.sups	8,(139,425),0;1,(209,737),5;1,(160,737),5;4,(139,425),(139,455),-2,-1;4,(139,455),(7,455),-1,-1;4,(139,425),(94,463),0,-1;4,(94,463),(55,463),-1,-1;14,(157,551),(139,425),(160,737),-1;4,(157,551),(140,576),-1,-1;4,(209,737),(249,700),0,-1;4,(249,700),(126,701),-1,-1;4,(126,701),(53,700),-1,-1;4,(209,737),(209,706),0,-1;4,(209,706),(160,706),-1,-1;4,(160,706),(10,706),-1,-1;4,(139,425),(180,425),-1,-1;14,(188,617),(209,737),(180,425),-1;4,(249,700),(289,699),-1,-1;4,(188,617),(205,592),-1,-1;4,(94,463),(220,462),-1,-1;4,(220,462),(295,464),-1,-1;4,(139,455),(180,455),-1,-1;4,(180,455),(343,455),-1,-1
y.sups	8,(61,269),0;1,(211,737),5;1,(-1,737),5;4,(61,269),(40,345),1,-1;14,(162,403),(61,269),(-1,737),-1;4,(-1,737),(39,699),0,-1;4,(-1,737),(-1,706),0,-1;4,(-1,706),(172,706),-1,-1;4,(39,699),(113,698),-1,-1;4,(162,403),(196,497),-1,-1;4,(113,698),(266,699),-1,-1;4,(172,706),(211,706),-1,-1;4,(211,706),(344,706),-1,-1;4,(266,699),(303,699),-1,-1
z.sups	8,(287,425),0;1,(26,737),5;4,(26,737),(206,706),0,-1;4,(206,706),(286,712),-1,-1;4,(287,425),(238,457),0,-1;4,(238,457),(17,450),-1,-1
egrave.sups	8,(188,415),0;1,(189,749),5;6,(99,579),(100,611),0;4,(189,749),(205,774),-2,-1;4,(188,415),(205,467),1,-1;4,(189,749),(187,714),0,-1
eacute.sups	8,(188,415),0;1,(189,749),5;6,(99,579),(100,611),0;4,(189,749),(165,774),-2,-1;4,(188,415),(205,467),1,-1;4,(189,749),(187,714),0,-1
dollar	1,(240,658),3;1,(281,658),3;2,(280,-11),0;2,(238,-13),0;14,(240,381),(281,658),(280,-11),-1;4,(281,658),(281,610),0,-1;4,(281,610),(240,608),-1,-1;14,(280,265),(238,-13),(240,658),-1;4,(280,-11),(280,37),0,-1;4,(280,37),(238,35),-1,-1;4,(280,265),(238,280),-1,-1
sterling	1,(277,659),3;2,(35,0),0;14,(204,284),(35,0),(277,659),-1;4,(204,284),(199,335),1,-1;4,(199,335),(129,335),-1,-1;4,(277,659),(292,614),0,-1;4,(35,0),(129,82),1,-1;4,(129,82),(35,52),-1,-1;4,(204,284),(144,284),-1,-1
yen	1,(319,646),3;1,(-11,646),3;2,(105,0),0;4,(105,0),(206,50),1,-1;14,(186,320),(206,50),(319,646),0;4,(186,320),(208,270),1,-1;4,(208,270),(208,213),-2,-1;4,(-11,646),(54,599),0,-1;4,(-11,646),(-11,607),0,-1;4,(-11,607),(232,607),-1,-1;4,(54,599),(157,597),-1,-1;4,(186,320),(273,331),-1,-1;4,(157,597),(392,596),-1,-1;4,(319,646),(319,607),0,-1;4,(319,607),(511,607),-1,-1;4,(392,596),(440,595),-1,-1;4,(186,320),(314,320),-1,-1;4,(208,270),(292,270),-1,-1;4,(208,213),(292,213),-1,-1;4,(208,213),(208,162),1,-1;4,(208,162),(292,162),-1,-1;4,(206,50),(294,51),-1,-1;4,(105,0),(105,40),0,-1;4,(105,40),(397,40),-1,-1
florin	1,(420,659),3;6,(426,345),(426,396),1;6,(81,-100),(126,-57),0;4,(426,396),(220,396),-1,-1;4,(420,659),(375,616),0,-1;4,(426,345),(215,345),-1,-1
Euro	1,(321,659),3;2,(313,-13),0;6,(163,235),(158,285),1;4,(163,235),(69,235),-1,-1;4,(158,285),(64,285),-1,-1;4,(158,285),(158,352),-2,-1;4,(158,352),(64,352),-1,-1;4,(158,352),(162,402),1,-1;4,(162,402),(69,402),-1,-1;4,(321,659),(336,614),0,-1;4,(313,-13),(335,32),0,-1
rupeeindian	1,(48,646),3;2,(369,-10),0;2,(441,0),0;6,(48,289),(48,340),1;4,(48,646),(48,596),1,-1;4,(48,596),(48,504),-2,-1;4,(48,504),(48,453),1,-1;4,(48,596),(306,596),-1,-1;4,(48,504),(357,504),-1,-1;4,(48,453),(356,453),-1,-1;14,(210,307),(48,340),(48,289),-1;4,(369,-10),(441,39),1,-1
liraturkish	1,(26,646),3;2,(113,2),0;2,(216,-13),0;14,(201,279),(113,2),(26,646),-1;4,(201,279),(116,236),-1,-1;4,(201,279),(201,336),1,-1;4,(201,336),(116,293),-1,-1;4,(201,336),(201,405),-2,-1;4,(201,405),(116,362),-1,-1;4,(201,405),(201,462),1,-1;4,(201,462),(116,419),-1,-1;4,(26,646),(114,596),1,-1;4,(26,646),(26,606),0,-1;4,(26,606),(292,606),-1,-1;4,(114,596),(203,596),-1,-1;4,(216,-13),(229,32),0,-1
ruble	1,(30,646),3;2,(303,0),0;6,(20,262),(20,312),0;4,(30,646),(119,596),1,-1;4,(30,646),(30,610),0,-1;4,(20,262),(219,262),-1,-1;4,(20,262),(120,195),-2,-1;4,(120,195),(204,195),-1,-1;4,(120,195),(120,144),1,-1;4,(120,144),(204,144),-1,-1;4,(303,0),(206,51),1,-1;4,(303,0),(303,36),0,-1;4,(303,36),(30,36),-1,-1;4,(206,51),(119,50),-1,-1;4,(20,312),(204,312),-1,-1;4,(30,610),(206,605),-1,-1
arrowleft	6,(640,254),(640,326),1
arrowupleft	1,(119,517),1;4,(119,517),(189,457),1,-1
arrowup	2,(294,-21),0
arrowupright	1,(541,517),1;4,(541,517),(471,457),1,-1
arrowright	6,(20,254),(20,326),1
arrowdownright	6,(541,63),(471,122),1
arrowdown	2,(341,-21),0;4,(341,-21),(349,72),1,-1
arrowdownleft	6,(119,63),(189,122),1
circumflexcmb	1,(-17,744),5;4,(-17,744),(0,660),-2,-1
circumflexcmb.cap	8,(-17,856),0;4,(-17,856),(0,790),-2,-1
tildecmb	6,(68,575),(74,633),0;4,(74,633),(-68,715),-1,-1;4,(68,575),(-74,656),-1,-1;14,(136,713),(-68,715),(-74,656),-1;14,(-136,577),(68,575),(74,633),-1
tildecmb.cap	6,(76,723),(82,781),-2;4,(82,781),(-75,863),-1,-1;4,(76,723),(-82,804),-1,-1;14,(150,861),(-75,863),(-82,804),-1;14,(-150,725),(76,723),(82,781),-1
macroncmb	6,(131,596),(131,659),-2
macroncmb.cap	6,(151,758),(151,821),-2
brevecmb	6,(0,575),(0,641),-2
brevecmb.cap	6,(0,731),(0,792),-2
dotaccentcmb	6,(0,589),(0,717),-1
dotaccentcmb.cap	6,(0,736),(0,864),-2
dieresiscmb	6,(105,596),(105,710),-2;4,(105,596),(-105,596),-1,-1;4,(105,710),(-105,710),-1,-1
ringcmb.cap	6,(0,722),(0,757),-2;4,(0,757),(0,870),-2,-1;4,(0,870),(0,907),-2,-1
caroncmb	6,(37,571),(0,634),-2
caroncmb.cap	6,(37,729),(0,783),-2
cedillacmb	6,(16,-58),(-26,-86),-2;4,(-26,-86),(-12,-183),-2,-1;4,(-12,-183),(-4,-220),-2,-1
ogonekcmb	6,(-3,-220),(34,-164),-2
Gamma	1,(44,669),4;2,(44,0),0;4,(44,0),(44,41),0,-1;4,(44,0),(136,52),1,-1;4,(44,669),(136,617),1,-1;4,(44,669),(44,628),0,-1;4,(136,617),(235,619),-1,-1;4,(136,52),(235,52),-1,-1;4,(44,41),(328,41),-1,-1
Delta	1,(291,674),4;2,(25,0),0;14,(297,567),(25,0),(291,674),-1;4,(25,0),(92,82),-2,-1
Theta	1,(354,684),4;2,(354,-15),0;6,(433,310),(433,373),0;4,(354,-15),(354,35),0,-1;4,(354,684),(354,634),0,-1
Lambda	1,(302,674),4;2,(653,0),0;2,(234,0),0;4,(653,0),(577,50),0,-1;4,(653,0),(653,41),1,-1;4,(653,41),(380,41),-1,-1;4,(577,50),(479,53),-1,0;14,(309,559),(5,0),(302,674),-1;4,(479,53),(137,54),-1,0;4,(380,41),(234,41),-1,-1;4,(234,41),(5,41),-1,-1;4,(137,54),(88,54),-1,0
Xi	1,(57,669),4;2,(542,0),0;6,(403,310),(403,377),0;4,(57,669),(535,488),-2,-1;4,(57,669),(464,592),-2,-1;4,(535,488),(103,488),-1,-1;4,(103,488),(50,488),-1,-1;4,(542,0),(35,181),-2,-1;4,(542,0),(106,78),-2,-1;4,(35,181),(497,181),-1,-1
Pi	1,(45,669),4;2,(44,0),0;2,(443,0),0;4,(45,669),(136,618),1,-1;4,(136,618),(235,618),-1,-1;4,(44,0),(136,52),1,-1;4,(136,52),(235,51),-2,-1;4,(44,0),(44,41),0,-1;4,(44,41),(326,41),-1,-1;4,(45,669),(45,628),0,-1;4,(45,628),(725,628),-1,-1;4,(235,618),(633,617),-1,-1;4,(443,0),(535,52),1,-1;4,(535,52),(633,52),-1,-1;4,(443,0),(443,41),0,-1;4,(443,41),(725,41),-1,-1
Sigma	1,(30,669),4;2,(503,0),0;4,(30,669),(142,619),1,-1;14,(244,333),(20,0),(30,669),-1;4,(244,333),(329,355),-1,-1;4,(503,0),(112,82),-2,-1;4,(30,669),(30,633),0,-1
Phi	1,(218,681),4;2,(218,-12),0;4,(218,681),(314,629),1,-1;4,(314,629),(315,569),-1,-1;4,(218,681),(218,640),0,-1;4,(218,640),(499,640),-1,-1;4,(314,629),(402,628),-1,-1;4,(315,569),(401,569),-1,-1;4,(218,-12),(314,40),1,-1;4,(314,40),(315,107),-1,-1;4,(315,107),(401,107),-1,-1;4,(314,40),(402,41),-1,-1;4,(218,-12),(218,29),0,-1;4,(218,29),(499,29),-1,-1;4,(401,107),(401,153),0,-1;4,(401,153),(316,153),-1,-1;4,(315,569),(316,523),0,-1;4,(316,523),(401,523),-1,-1
Psi	1,(9,669),4;1,(254,669),4;1,(760,669),4;2,(244,0),0;6,(338,255),(338,302),0;4,(9,669),(9,628),0,-1;4,(254,669),(336,618),1,-1;4,(254,669),(254,628),0,-1;4,(254,628),(515,628),-1,-1;4,(336,618),(434,618),-1,-1;4,(338,302),(432,302),-1,-1;4,(760,669),(760,628),0,-1;4,(338,255),(432,255),-1,-1;4,(244,0),(336,52),1,-1;4,(336,52),(434,52),-1,-1;4,(244,0),(244,41),0,-1;4,(244,41),(526,41),-1,-1
Omega	1,(363,684),4;2,(680,0),0;2,(315,0),0;4,(315,0),(315,67),-2,-1;4,(315,67),(246,72),-1,-1;4,(315,67),(412,67),-1,-1;4,(412,67),(481,72),-1,-1;4,(363,684),(363,634),0,-1
alpha	1,(257,488),0;1,(467,483),0;2,(237,-13),0;2,(462,-13),0;14,(386,404),(237,-13),(257,488),-1;4,(462,-13),(492,56),0,-1;14,(388,72),(237,-13),(257,488),-1;4,(237,-13),(255,36),0,-1;4,(257,488),(255,441),1,-1
beta	8,(91,-190),0;1,(298,739),5;2,(321,-13),0;6,(254,354),(243,410),1;4,(321,-13),(300,56),0,-1;4,(298,739),(287,694),1,-1;14,(322,384),(243,410),(254,354),-1;14,(160,67),(321,-13),(298,739),-1
gamma	8,(205,-190),0;1,(82,483),0;1,(415,488),0;1,(451,476),0;4,(82,483),(44,415),0,-1
delta	1,(267,739),5;2,(254,-13),0;14,(233,467),(254,-13),(267,739),-1;4,(267,739),(268,699),1,-1;4,(254,-13),(264,33),1,-1;4,(233,467),(269,441),-1,-1
epsilon	1,(243,488),0;2,(220,-13),0;6,(283,219),(273,281),0;14,(183,244),(283,219),(273,281),-1;4,(243,488),(226,451),1,-1;4,(273,281),(311,283),-1,0;4,(220,-13),(238,49),0,-1
zeta	8,(197,-191),0;1,(396,729),5;4,(197,-191),(193,-125),1,-1;4,(396,729),(334,669),1,-1
eta	8,(399,-190),0;1,(97,486),0;1,(343,488),0;2,(104,-10),0;4,(97,486),(73,418),0,-1;14,(181,317),(186,0),(97,486),-1;4,(181,317),(180,370),-1,-1;4,(343,488),(319,416),1,-1
theta	1,(258,739),5;2,(257,-13),0;6,(382,333),(381,393),0;4,(258,739),(253,694),1,-1;4,(257,-13),(268,32),1,-1
iota	1,(185,487),0;2,(191,-13),0;4,(191,-13),(221,56),0,-1
kappa	1,(98,485),0;1,(462,489),0;2,(428,-13),0;2,(102,-10),0;14,(241,249),(428,-13),(462,489),-1;4,(98,485),(73,418),0,-1;14,(181,213),(428,-13),(462,489),-1;4,(462,489),(421,388),0,-1;4,(428,-13),(446,68),0,-1
lambda	1,(130,739),5;2,(118,-10),0;2,(466,-13),0;14,(289,393),(466,-13),(130,739),-1;4,(130,739),(125,652),0,-1;4,(466,-13),(490,68),0,-1
mu	8,(91,-190),0;1,(170,488),0;1,(473,488),0;1,(181,478),0;1,(483,478),0;2,(471,-13),0;2,(261,-13),0;4,(261,-13),(271,64),0,-1;4,(471,-13),(505,56),0,-1;14,(395,102),(471,-13),(170,488),-1;14,(149,64),(471,-13),(170,488),-1
nu	1,(85,483),0;1,(415,488),0;1,(451,476),0;2,(220,-3),0;4,(85,483),(43,415),0,-1;14,(266,69),(220,-3),(85,483),-1
xi	8,(215,-191),0;1,(40,734),5;6,(327,331),(336,406),0;4,(215,-191),(211,-125),1,-1;14,(243,361),(327,331),(336,406),-1;4,(40,734),(257,674),0,-1;4,(257,674),(415,672),-1,-1;4,(327,331),(389,328),-1,0
omicron	1,(269,488),0;2,(252,-13),0;4,(252,-13),(265,33),1,-1;4,(269,488),(254,442),1,-1
pi	1,(211,475),0;2,(468,-13),0;2,(107,-13),0;4,(211,475),(565,403),0,-1;4,(468,-13),(505,56),0,-1;4,(565,403),(378,408),-1,-1;4,(378,408),(217,408),-1,-1;4,(107,-13),(155,95),0,-1;4,(217,408),(172,406),-1,0
rho	8,(81,-190),0;1,(298,488),0;2,(290,-13),0;4,(290,-13),(286,42),0,-1;4,(298,488),(278,442),1,-1;14,(148,64),(290,-13),(298,488),-1
sigma	1,(293,477),0;2,(260,-13),0;4,(260,-13),(263,33),1,-1;4,(293,477),(267,426),0,-1;14,(354,417),(260,-13),(293,477),-1
tau	1,(231,475),0;2,(301,-13),0;4,(231,475),(464,403),0,-1;4,(301,-13),(338,56),0,-1;4,(464,403),(219,405),-1,-1
upsilon	1,(111,485),0;1,(435,488),0;2,(276,-13),0;4,(111,485),(71,417),0,-1;4,(276,-13),(296,42),0,-1
phi	8,(310,-200),0;1,(323,488),0;1,(383,488),0;2,(312,-13),0;2,(386,-13),0;4,(312,-13),(314,32),1,-1;4,(323,488),(322,442),1,-1;4,(322,442),(383,442),-1,-1;4,(314,32),(385,32),-1,-1
chi	8,(421,-191),0;1,(80,486),0;1,(377,482),0;14,(252,101),(421,-191),(80,486),-1;4,(421,-191),(102,-188),-1,0;4,(80,486),(66,418),1,-1;14,(246,225),(421,-191),(80,486),-1;4,(421,-191),(449,-120),1,-1
psi	8,(354,-199),0;8,(359,613),0;1,(102,485),0;1,(616,488),0;2,(350,-13),0;2,(425,-11),0;4,(102,485),(71,417),0,-1;4,(350,-13),(351,39),0,-1;4,(351,39),(425,39),-1,-1
omega	1,(285,487),0;1,(448,487),0;2,(226,-13),0;2,(504,-13),0;4,(285,487),(289,446),0,-1;4,(226,-13),(235,43),0,-1;4,(235,43),(502,43),-1,-1;4,(289,446),(444,446),-1,-1
sigma.end	8,(197,-191),0;1,(286,488),0;4,(197,-191),(192,-125),1,-1;4,(286,488),(263,450),1,-1
Be	1,(44,669),4;2,(44,0),0;6,(232,335),(232,383),0;4,(44,0),(44,41),0,-1;4,(44,0),(136,52),1,-1;4,(44,669),(136,617),1,-1;4,(44,669),(44,628),0,-1;4,(44,628),(234,619),-1,-1;4,(44,41),(234,47),-1,-1
De	8,(68,-178),0;1,(164,669),4;2,(95,0),0;4,(95,0),(60,51),1,-1;4,(164,669),(255,616),1,-1;4,(164,669),(164,628),0,-1;4,(164,628),(646,628),-1,-1;4,(255,616),(317,619),-1,-1;4,(317,619),(555,617),-1,-1;4,(60,51),(134,51),-1,-1;4,(134,51),(555,51),-1,-1;4,(68,-178),(594,-178),-1,-1
Zhe	1,(86,686),4;1,(832,686),4;1,(321,669),4;2,(321,0),0;2,(2,0),0;2,(915,0),0;2,(826,-10),0;2,(92,-10),0;6,(415,310),(415,355),1;4,(321,0),(321,41),0,-1;4,(321,0),(413,52),1,-1;4,(2,0),(2,41),0,-1;14,(299,335),(415,310),(415,355),-1;4,(86,686),(144,579),-2,-1;4,(321,669),(413,617),1,-1;4,(321,669),(321,628),0,-1;4,(321,628),(597,628),-1,-1;4,(413,617),(505,617),-1,-1;4,(415,355),(503,355),-1,-1;4,(832,686),(774,579),-2,-1;14,(619,335),(415,310),(415,355),-1;4,(915,0),(915,41),0,-1;4,(415,310),(538,310),-1,-1;4,(413,52),(505,52),-1,-1;4,(321,41),(597,41),-1,-1
Ze	1,(263,684),4;2,(251,-15),0;6,(242,320),(239,371),0;4,(251,-15),(237,35),0,-1;4,(263,684),(251,634),0,-1;14,(340,349),(242,320),(239,371),-1
Icyr	1,(44,669),4;1,(471,669),4;2,(44,0),0;2,(471,0),0;4,(44,0),(44,41),0,-1;4,(44,0),(136,52),1,-1;4,(44,669),(136,617),1,-1;4,(44,669),(44,628),0,-1;4,(44,628),(326,628),-1,-1;4,(136,617),(234,617),-1,-1;4,(471,669),(565,617),1,-1;4,(471,669),(471,628),0,-1;4,(471,628),(753,628),-1,-1;4,(565,617),(661,617),-1,-1;4,(471,0),(563,52),1,-1;4,(563,52),(661,52),-1,-1;4,(471,0),(471,41),0,-1;4,(471,41),(753,41),-1,-1;4,(136,52),(232,52),-1,-1;4,(44,41),(326,41),-1,-1
Ka	1,(44,669),4;1,(573,686),4;2,(44,0),0;2,(563,-10),0;2,(652,0),0;6,(233,310),(233,355),0;4,(44,0),(44,41),0,-1;4,(44,0),(136,52),1,-1;4,(44,669),(136,617),1,-1;4,(44,669),(44,628),0,-1;4,(136,617),(235,618),-1,-1;4,(573,686),(507,580),-2,-1;14,(352,336),(233,310),(233,355),-1;4,(652,0),(652,41),0,-1;4,(136,52),(235,51),-1,-1;4,(44,41),(326,41),-1,-1
El	1,(155,669),4;1,(647,669),4;2,(364,0),0;2,(83,-15),0;4,(83,-15),(135,75),-2,-1;4,(155,669),(243,615),1,-1;4,(155,669),(155,628),0,-1;4,(647,669),(647,628),0,-1;4,(243,615),(294,619),-1,-1;4,(294,619),(555,617),-1,-1;4,(364,0),(456,52),1,-1;4,(456,52),(555,52),-1,-1;4,(364,0),(364,41),0,-1;4,(364,41),(647,41),-1,-1
Pe	1,(44,669),4;2,(44,0),0;2,(448,0),0;4,(44,0),(44,41),0,-1;4,(44,0),(136,52),1,-1;4,(44,669),(136,617),1,-1;4,(44,669),(44,628),0,-1;4,(44,628),(730,628),-1,-1;4,(136,617),(235,623),-1,-1;4,(235,623),(639,617),-1,-1;4,(448,0),(540,52),1,-1;4,(540,52),(639,52),-1,-1;4,(448,0),(448,41),0,-1;4,(448,41),(730,41),-1,-1;4,(136,52),(235,51),-1,-1;4,(44,41),(326,41),-1,-1
Ucyr	1,(14,669),4;1,(403,669),4;2,(181,-15),0;4,(14,669),(14,628),0,-1;4,(14,669),(83,619),1,-1;4,(83,619),(186,618),-1,-1;14,(341,261),(181,-15),(14,669),-1;4,(186,618),(485,616),-1,-1;4,(14,628),(403,628),-1,-1;4,(403,628),(623,628),-1,-1;4,(485,616),(543,617),-1,-1;4,(181,-15),(243,60),-2,-1
Ef	1,(219,681),4;2,(219,-12),0;4,(219,681),(316,629),1,-1;4,(316,629),(317,564),-1,-1;4,(219,681),(219,640),0,-1;4,(219,640),(501,640),-1,-1;4,(316,629),(404,629),-1,-1;4,(317,564),(403,564),-1,-1;4,(219,-12),(316,42),1,-1;4,(316,42),(317,105),-1,-1;4,(317,105),(403,105),-1,-1;4,(316,42),(404,42),-1,-1;4,(219,-12),(219,29),0,-1;4,(219,29),(501,29),-1,-1;4,(317,105),(318,148),0,-1;4,(317,564),(318,521),0,-1;4,(318,148),(402,148),-1,-1;4,(318,521),(402,521),-1,-1
Tse	1,(44,669),4;1,(443,669),4;2,(44,0),0;4,(44,0),(136,52),0,-1;4,(44,669),(44,628),1,-1;4,(44,628),(326,628),-1,-1;4,(136,52),(235,51),-1,-1;4,(235,51),(534,51),-1,-1;4,(326,628),(443,628),-1,-1;4,(443,628),(725,628),-1,-1;4,(534,51),(633,51),-1,-1;4,(633,51),(735,51),-1,-1
Che	1,(24,669),4;1,(375,669),4;2,(374,0),0;6,(316,270),(343,327),0;4,(24,669),(24,628),0,-1;4,(24,628),(297,628),-1,-1;4,(24,669),(108,618),1,-1;4,(108,618),(205,618),-1,-1;4,(205,618),(466,617),-1,-1;4,(297,628),(375,628),-1,-1;4,(375,628),(657,628),-1,-1;4,(466,617),(565,617),-1,-1;4,(374,0),(466,52),1,-1;4,(466,52),(565,52),-1,-1;4,(374,0),(374,41),0,-1;4,(374,41),(657,41),-1,-1
Sha	1,(42,669),4;1,(391,669),4;1,(727,669),4;2,(42,0),0;4,(42,0),(42,41),0,-1;4,(42,0),(136,52),1,-1;4,(42,669),(136,617),1,-1;4,(42,669),(42,628),0,-1;4,(42,628),(317,628),-1,-1;4,(136,617),(235,618),-1,-1;4,(136,52),(235,51),-1,-1;4,(235,51),(472,51),-1,-1;4,(235,618),(472,618),-1,-1;4,(317,628),(391,628),-1,-1;4,(391,628),(653,628),-1,-1;4,(472,618),(571,618),-1,-1;4,(472,51),(571,51),-1,-1;4,(571,51),(809,51),-1,-1;4,(571,618),(809,618),-1,-1;4,(653,628),(727,628),-1,-1;4,(727,628),(1001,628),-1,-1;4,(809,618),(907,617),-1,-1;4,(809,51),(907,52),-1,0;4,(42,41),(1001,41),-1,-1
Shcha	8,(942,-178),0;1,(42,669),4;1,(391,669),4;1,(727,669),4;2,(42,0),0;4,(42,0),(42,41),0,-1;4,(42,0),(136,52),1,-1;4,(42,669),(136,617),1,-1;4,(42,669),(42,628),0,-1;4,(42,628),(317,628),-1,-1;4,(136,617),(235,618),-1,-1;4,(136,52),(235,51),-1,-1;4,(235,51),(472,51),-1,-1;4,(235,618),(472,618),-1,-1;4,(317,628),(391,628),-1,-1;4,(391,628),(653,628),-1,-1;4,(472,618),(571,618),-1,-1;4,(472,51),(571,51),-1,-1;4,(571,51),(809,51),-1,-1;4,(571,618),(809,618),-1,-1;4,(653,628),(727,628),-1,-1;4,(727,628),(1001,628),-1,-1;4,(809,618),(907,617),-1,-1;4,(809,51),(907,51),-1,-1;4,(907,51),(1010,51),-1,-1
Hard	1,(453,669),4;2,(171,0),0;6,(422,343),(454,394),0;4,(171,0),(171,41),0,-1;4,(171,0),(263,52),1,-1;4,(453,669),(361,617),1,-1;4,(361,617),(263,619),-1,-1;4,(453,669),(453,628),0,-1;4,(454,394),(359,389),-1,0;4,(263,52),(361,47),-1,-1;4,(361,47),(422,47),-1,-1;4,(422,343),(359,340),-1,0
Yeru	1,(44,669),4;1,(587,669),4;2,(44,0),0;2,(587,0),0;6,(306,343),(326,394),1;4,(44,0),(44,41),0,-1;4,(44,0),(136,52),1,-1;4,(44,669),(136,617),1,-1;4,(44,669),(44,628),0,-1;4,(44,628),(336,628),-1,-1;4,(136,617),(235,616),-1,-1;4,(326,394),(233,389),-1,-1;4,(587,0),(587,41),0,-1;4,(587,0),(679,52),1,-1;4,(587,669),(679,617),1,-1;4,(587,669),(587,628),0,-1;4,(587,628),(870,628),-1,-1;4,(679,617),(778,617),-1,-1;4,(679,52),(778,52),-1,-1;4,(587,41),(870,41),-1,-1;4,(136,52),(235,47),-1,-1;4,(306,343),(233,340),-1,-1
Soft	1,(44,669),4;2,(44,0),0;6,(315,343),(337,394),0;4,(44,0),(44,41),0,-1;4,(44,0),(136,52),1,-1;4,(44,669),(136,617),1,-1;4,(44,669),(44,628),0,-1;4,(44,628),(336,628),-1,-1;4,(136,617),(235,616),-1,-1;4,(337,394),(233,389),-1,0;4,(136,52),(235,47),-1,-1;4,(315,343),(233,340),-1,0
Ecyr	1,(246,684),4;2,(245,-15),0;6,(465,316),(465,363),0;4,(245,-15),(247,35),1,-1;4,(246,684),(241,634),1,-1
Yu	1,(44,669),4;1,(661,684),4;2,(44,0),0;2,(661,-15),0;6,(374,319),(375,366),0;4,(44,0),(136,52),1,-1;4,(136,52),(230,52),-1,-1;4,(44,0),(44,41),0,-1;4,(44,41),(322,41),-1,-1;4,(44,669),(136,617),1,-1;4,(44,669),(44,628),0,-1;4,(44,628),(322,628),-1,-1;4,(136,617),(230,617),-1,-1;4,(661,-15),(661,35),1,-1;4,(661,684),(661,634),1,-1
Ya	1,(608,669),4;2,(0,0),0;2,(325,0),0;2,(81,-10),0;6,(419,303),(419,349),0;4,(608,669),(608,628),0,-1;4,(608,628),(417,623),-1,-1;4,(0,0),(0,41),0,-1;14,(242,323),(419,349),(419,303),-1;4,(608,669),(516,617),1,-1;4,(325,0),(417,52),1,-1;4,(417,52),(516,52),-1,-1;4,(325,0),(325,41),0,-1;4,(325,41),(608,41),-1,-1
Dje	1,(28,669),4;2,(140,0),0;6,(416,338),(438,388),0;6,(449,-59),(436,-20),0;4,(28,669),(100,619),1,-1;4,(100,619),(341,619),-1,-1;4,(438,388),(339,383),-1,0;4,(416,338),(339,335),-1,0;4,(140,0),(140,41),0,-1;4,(140,0),(242,52),1,-1
Ieukran	1,(368,684),4;2,(369,-15),0;6,(335,316),(334,363),0;4,(368,684),(380,634),1,-1;4,(369,-15),(374,35),1,-1
Lje	1,(155,669),4;2,(79,-15),0;2,(365,0),0;6,(553,341),(553,390),1;4,(79,-15),(135,75),1,-1;4,(155,669),(243,615),1,-1;4,(155,669),(155,628),0,-1;4,(155,628),(647,628),-1,-1;4,(243,615),(555,617),-1,-1;4,(365,0),(365,41),0,-1;4,(365,0),(456,52),1,-1;4,(155,628),(294,619),-1,-1;4,(365,41),(555,47),-1,-1
Nje	1,(44,669),4;1,(443,669),4;2,(44,0),0;2,(443,0),0;6,(536,340),(536,386),0;4,(44,0),(136,52),1,-1;4,(136,52),(235,51),-1,-1;4,(44,0),(44,41),0,-1;4,(44,41),(326,41),-1,-1;4,(44,669),(136,617),1,-1;4,(44,669),(44,628),0,-1;4,(44,628),(326,628),-1,-1;4,(136,617),(235,618),-1,-1;4,(443,669),(534,617),1,-1;4,(443,669),(443,628),0,-1;4,(443,628),(734,628),-1,-1;4,(534,617),(633,616),-1,-1;4,(536,386),(631,390),-1,-1;4,(443,0),(443,41),0,-1;4,(443,0),(534,52),1,-1;4,(443,41),(633,47),-1,-1;4,(536,340),(631,342),-1,-1
Tshe	1,(28,669),4;2,(151,0),0;2,(755,0),0;6,(349,340),(349,387),0;4,(28,669),(100,619),1,-1;4,(100,619),(351,619),-1,-1;4,(755,0),(681,51),1,-1;4,(755,0),(755,41),0,-1;4,(151,0),(253,52),1,-1;4,(253,52),(351,52),-1,-1;4,(151,0),(151,41),0,-1;4,(151,41),(453,41),-1,-1
Dzhe	8,(354,-212),0;1,(44,669),4;1,(443,669),4;2,(44,0),0;4,(44,0),(44,41),0,-1;4,(44,0),(136,52),1,-1;4,(44,669),(136,617),1,-1;4,(44,669),(44,628),0,-1;4,(44,628),(326,628),-1,-1;4,(136,617),(235,618),-1,-1;4,(136,52),(235,51),-1,-1;4,(443,669),(534,617),1,-1;4,(443,669),(443,628),0,-1;4,(443,628),(725,628),-1,-1;4,(534,617),(633,617),-1,-1;4,(235,51),(633,52),-1,-1;4,(44,41),(725,41),-1,-1
Fita	1,(354,684),4;2,(354,-15),0;6,(556,319),(555,366),0;4,(354,684),(354,634),1,-1;4,(354,-15),(354,35),1,-1
Gheup	8,(473,817),0;1,(44,669),4;2,(44,0),0;4,(44,0),(44,41),0,-1;4,(44,0),(136,52),1,-1;4,(44,669),(136,617),1,-1;4,(44,669),(44,628),0,-1;4,(136,617),(235,619),-1,-1;4,(136,52),(235,52),-1,-1;4,(44,41),(328,41),-1,-1
Ghestroke	1,(44,669),4;2,(44,0),0;6,(138,319),(138,366),0;4,(44,669),(136,617),1,-1;4,(44,669),(44,628),0,-1;4,(136,617),(235,619),-1,-1;4,(138,366),(233,366),-1,-1;4,(138,319),(233,319),-1,-1;4,(44,0),(136,52),1,-1;4,(136,52),(235,52),-1,-1;4,(44,0),(44,41),0,-1;4,(44,41),(328,41),-1,-1
Zhedescender	8,(859,-178),0;1,(86,686),4;1,(832,686),4;1,(321,669),4;2,(321,0),0;2,(2,0),0;2,(92,-10),0;2,(838,-10),0;6,(415,310),(415,355),1;4,(321,0),(321,41),0,-1;4,(321,0),(413,52),1,-1;4,(2,0),(2,41),0,-1;14,(299,335),(415,310),(415,355),-1;4,(86,686),(144,579),-2,-1;4,(321,669),(413,617),1,-1;4,(321,669),(321,628),0,-1;4,(321,628),(597,628),-1,-1;4,(413,617),(505,617),-1,-1;4,(415,355),(503,355),-1,-1;4,(832,686),(774,579),-2,-1;14,(619,335),(415,310),(415,355),-1;4,(321,41),(597,41),-1,-1;4,(597,41),(922,42),-1,-1;4,(415,310),(538,310),-1,-1;4,(413,52),(505,52),-1,-1
Kadescender	8,(600,-178),0;1,(44,669),4;1,(573,686),4;2,(44,0),0;2,(579,-10),0;6,(233,310),(233,355),0;4,(44,0),(44,41),0,-1;4,(44,0),(136,52),1,-1;4,(44,669),(136,617),1,-1;4,(44,669),(44,628),0,-1;4,(136,617),(235,618),-1,-1;4,(573,686),(507,580),-2,-1;14,(352,336),(233,310),(233,355),-1;4,(44,41),(326,41),-1,-1;4,(326,41),(663,42),-1,-1;4,(136,52),(235,51),-1,-1
Kabashkir	1,(453,669),4;1,(700,686),4;2,(171,0),0;2,(779,0),0;2,(689,-10),0;6,(360,310),(360,355),0;4,(453,669),(453,628),0,-1;4,(453,669),(362,618),1,-1;4,(700,686),(634,580),-2,-1;14,(479,336),(360,355),(360,310),-1;4,(779,0),(779,41),0,-1;4,(171,0),(263,52),1,-1;4,(263,52),(362,51),-1,-1;4,(171,0),(171,41),0,-1;4,(171,41),(453,41),-1,-1;4,(362,618),(263,619),-1,-1
Endescender	8,(696,-178),0;1,(44,669),4;1,(462,669),4;2,(44,0),0;2,(462,0),0;6,(233,319),(233,366),0;4,(44,669),(136,617),1,-1;4,(44,669),(44,628),0,-1;4,(44,628),(326,628),-1,-1;4,(136,617),(235,618),-1,-1;4,(235,618),(554,617),-1,-1;4,(326,628),(462,628),-1,-1;4,(462,628),(744,628),-1,-1;4,(554,617),(652,617),-1,-1;4,(44,0),(136,52),1,-1;4,(136,52),(235,51),-1,-1;4,(235,51),(554,52),-1,-1;4,(554,52),(652,53),-1,-1;4,(44,0),(44,41),0,-1;4,(44,41),(326,41),-1,-1;4,(326,41),(462,41),-1,-1;4,(462,41),(759,42),-1,-1
Ustraightstroke	1,(15,669),4;1,(394,669),4;2,(167,0),0;6,(527,240),(527,286),1;4,(167,0),(269,52),1,-1;4,(269,52),(367,52),-1,-1;4,(167,0),(167,41),0,-1;4,(167,41),(469,41),-1,-1;4,(527,240),(271,240),-1,-1;4,(527,286),(106,286),-1,-1;4,(15,669),(94,619),1,-1;4,(15,669),(15,628),0,-1;4,(15,628),(297,628),-1,-1;4,(94,619),(202,617),-1,-1;14,(341,314),(167,0),(15,669),-1;4,(394,669),(484,616),1,-1;4,(394,669),(394,628),0,-1;4,(394,628),(623,628),-1,-1;4,(484,616),(535,615),-1,-1
Hadescender	8,(586,-178),0;1,(19,669),4;1,(388,669),4;2,(10,0),0;2,(356,0),0;4,(10,0),(10,41),0,-1;4,(10,0),(105,53),1,-1;4,(19,669),(107,618),1,-1;4,(19,669),(19,628),0,-1;4,(19,628),(300,628),-1,-1;4,(107,618),(212,618),-1,-1;14,(340,404),(105,53),(107,618),-1;4,(212,618),(473,616),-1,-1;4,(300,628),(388,628),-1,-1;4,(388,628),(617,628),-1,-1;4,(473,616),(529,617),-1,-1;4,(105,53),(161,52),-1,-1;4,(161,52),(448,52),-1,-1;4,(448,52),(553,52),-1,-1;4,(10,41),(239,41),-1,-1;4,(239,41),(356,41),-1,-1;4,(356,41),(649,42),-1,-1;14,(308,284),(105,53),(107,618),-1
be	1,(294,474),0;2,(277,-13),0;14,(98,333),(277,-13),(294,474),-1;4,(294,474),(277,428),0,-1;4,(277,-13),(278,32),0,-1
ve	1,(44,475),0;2,(44,0),0;6,(200,226),(200,265),0;4,(44,0),(44,36),0,-1;4,(44,0),(114,49),1,-1;4,(44,475),(114,426),1,-1;4,(44,475),(44,439),0,-1;14,(354,247),(200,265),(200,226),-1;4,(44,475),(202,432),0,-1;4,(44,0),(202,43),0,-1
ghe	1,(44,475),0;2,(44,0),0;4,(44,0),(44,36),0,-1;4,(44,0),(114,50),1,-1;4,(44,475),(114,426),1,-1;4,(44,475),(44,439),0,-1;4,(114,426),(203,432),-1,-1;4,(114,50),(203,50),-1,-1;4,(44,36),(283,36),-1,-1
de	8,(24,-150),0;1,(137,475),0;2,(94,0),0;4,(137,475),(214,422),1,-1;4,(214,422),(451,425),-1,-1;4,(94,0),(70,43),0,-1;4,(70,43),(141,43),-1,-1;4,(141,43),(451,43),-1,-1;4,(24,-150),(481,-150),-1,-1;4,(137,475),(266,432),0,-1
zhe	1,(77,488),0;1,(681,488),0;1,(265,475),0;2,(265,0),0;2,(15,0),0;2,(744,0),0;2,(681,-11),0;2,(77,-11),0;6,(341,215),(341,257),0;4,(265,0),(265,36),0,-1;4,(265,0),(339,50),1,-1;4,(15,0),(15,36),0,-1;4,(341,215),(417,215),-1,-1;4,(341,257),(417,257),-1,-1;14,(515,238),(417,215),(417,257),-1;4,(515,238),(243,238),-1,-1;4,(77,488),(144,391),-2,-1;4,(265,475),(339,425),1,-1;4,(265,475),(265,439),0,-1;4,(265,439),(493,439),-1,-1;4,(339,425),(419,424),-1,-1;4,(681,488),(614,391),-2,-1;4,(744,0),(744,36),0,-1;4,(339,50),(419,51),-1,-1;4,(265,36),(493,36),-1,-1
ze	1,(224,488),0;2,(197,-13),0;6,(215,228),(208,274),0;4,(197,-13),(202,27),0,-1;4,(224,488),(208,442),0,-1;14,(280,252),(215,228),(208,274),-1
icyr	1,(44,475),0;1,(373,475),0;2,(44,0),0;2,(373,0),0;4,(44,0),(44,36),0,-1;4,(44,0),(114,50),1,-1;4,(44,475),(114,426),1,-1;4,(44,475),(44,439),0,-1;4,(44,439),(272,439),-1,-1;4,(114,426),(197,424),-1,-1;14,(197,133),(44,0),(44,475),-1;4,(373,475),(449,424),1,-1;4,(373,475),(373,439),0,-1;4,(373,439),(601,439),-1,-1;4,(449,424),(531,425),-1,-1;4,(373,0),(449,51),1,-1;4,(449,51),(531,50),-1,-1;4,(373,0),(373,36),0,-1;4,(373,36),(601,36),-1,-1;14,(449,343),(44,0),(44,475),-1;4,(114,50),(197,51),-1,-1;4,(44,36),(272,36),-1,-1
ka	1,(44,475),0;1,(460,488),0;2,(44,0),0;2,(523,0),0;2,(461,-11),0;6,(201,218),(201,260),0;4,(44,0),(44,36),0,-1;4,(44,0),(114,49),1,-1;4,(44,475),(114,426),1,-1;4,(44,475),(44,439),0,-1;4,(44,439),(272,439),-1,-1;4,(114,426),(203,425),-1,-1;4,(460,488),(394,391),-2,-1;14,(295,241),(201,260),(201,218),-1;4,(523,0),(523,36),0,-1;4,(114,49),(203,50),-1,-1;4,(44,36),(272,36),-1,-1
el	1,(131,475),0;2,(83,-13),0;2,(303,0),0;4,(83,-13),(124,63),-2,-1;4,(131,475),(216,421),1,-1;4,(131,475),(131,439),0,-1;4,(131,439),(531,439),-1,-1;4,(216,421),(461,425),-1,-1;4,(303,0),(373,49),1,-1;4,(373,49),(461,50),-1,-1;4,(303,0),(303,36),0,-1;4,(303,36),(531,36),-1,-1;4,(131,475),(267,432),0,-1
em	1,(44,475),0;1,(698,475),0;2,(44,0),0;2,(469,0),0;14,(327,40),(44,0),(44,475),-1;4,(44,475),(152,435),0,-1;4,(44,0),(114,51),1,-1;4,(114,51),(161,52),-1,-1;4,(44,0),(44,36),0,-1;4,(44,36),(229,36),-1,-1;4,(44,475),(114,423),1,-1;4,(44,475),(44,439),0,-1;14,(372,127),(44,0),(44,475),-1;4,(698,475),(698,439),0,-1;4,(698,475),(628,425),1,-1;4,(469,0),(545,50),1,-1;4,(545,50),(628,50),-1,-1;4,(469,0),(469,36),0,-1;4,(469,36),(698,36),-1,-1;4,(152,435),(549,437),-1,-1
en	1,(44,475),0;1,(360,475),0;2,(44,0),0;2,(360,0),0;6,(201,227),(201,270),0;4,(44,0),(44,36),0,-1;4,(44,0),(114,49),1,-1;4,(44,475),(114,426),1,-1;4,(44,475),(44,439),0,-1;4,(44,439),(272,439),-1,-1;4,(114,426),(203,425),-1,-1;4,(360,475),(430,426),1,-1;4,(360,475),(360,439),0,-1;4,(360,439),(589,439),-1,-1;4,(430,426),(519,425),-1,-1;4,(360,0),(430,49),1,-1;4,(430,49),(519,50),-1,-1;4,(360,0),(360,36),0,-1;4,(360,36),(589,36),-1,-1;4,(114,49),(203,50),-1,-1;4,(44,36),(272,36),-1,-1
pe	1,(44,475),0;2,(44,0),0;2,(354,0),0;4,(44,0),(44,36),0,-1;4,(44,0),(114,49),1,-1;4,(44,475),(114,426),1,-1;4,(44,475),(44,439),0,-1;4,(44,439),(582,439),-1,-1;4,(114,426),(512,425),-1,-1;4,(354,0),(424,49),1,-1;4,(424,49),(512,50),-1,-1;4,(354,0),(354,36),0,-1;4,(354,36),(582,36),-1,-1;4,(44,475),(203,432),0,-1;4,(114,49),(203,50),-1,-1;4,(44,36),(272,36),-1,-1
te	1,(33,475),0;2,(140,0),0;4,(33,475),(99,432),0,-1;4,(99,432),(308,432),-1,-1;4,(140,0),(220,50),1,-1;4,(220,50),(308,50),-1,-1;4,(140,0),(140,36),0,-1;4,(140,36),(388,36),-1,-1
ef	1,(395,723),5;1,(246,488),0;1,(488,488),0;2,(232,-239),1;2,(246,-13),0;2,(488,-13),0;4,(232,-239),(232,-204),0,-1;4,(232,-239),(327,-189),1,-1;14,(329,7),(246,-13),(246,488),-1;14,(332,466),(246,488),(246,-13),-1;4,(395,723),(332,633),1,-1;4,(332,633),(247,678),0,-1;4,(332,466),(405,467),-1,-1;4,(329,7),(402,9),-1,-1;4,(327,-189),(404,-188),-1,-1;4,(232,-204),(500,-204),-1,-1;4,(246,-13),(266,32),0,-1;4,(266,32),(469,32),-1,-1;4,(246,488),(266,442),0,-1;4,(266,442),(469,442),-1,-1;4,(332,466),(329,429),0,-1;4,(329,429),(405,428),-1,-1;4,(329,7),(329,46),0,-1;4,(329,46),(405,46),-1,-1
tse	8,(533,-150),0;1,(44,475),0;1,(348,475),0;2,(44,0),0;4,(44,475),(44,439),0,-1;4,(44,439),(272,439),-1,-1;4,(44,475),(114,426),1,-1;4,(114,426),(203,425),-1,-1;4,(44,0),(203,43),0,-1;4,(348,475),(418,426),1,-1;4,(348,475),(348,439),0,-1;4,(348,439),(576,439),-1,-1;4,(418,426),(506,425),-1,-1;4,(203,43),(506,43),-1,-1;4,(44,0),(44,36),0,-1;4,(44,0),(114,49),1,-1
che	1,(10,475),0;1,(282,475),0;2,(281,0),0;6,(246,186),(279,238),1;4,(10,475),(10,439),0,-1;4,(10,439),(225,439),-1,-1;4,(10,475),(71,426),1,-1;4,(71,426),(155,425),-1,-1;4,(282,475),(351,426),1,-1;4,(282,475),(282,439),0,-1;4,(282,439),(510,439),-1,-1;4,(351,426),(440,425),-1,-1;4,(281,0),(351,50),1,-1;4,(351,50),(440,49),-1,-1;4,(281,0),(281,36),0,-1;4,(281,36),(510,36),-1,-1
sha	1,(44,475),0;1,(321,475),0;1,(593,475),0;2,(44,0),0;4,(44,0),(44,36),0,-1;4,(44,0),(114,50),1,-1;4,(44,475),(114,426),1,-1;4,(44,475),(44,439),0,-1;4,(44,439),(264,439),-1,-1;4,(114,426),(198,425),-1,-1;4,(44,0),(198,43),0,-1;4,(321,475),(386,426),1,-1;4,(321,475),(321,439),0,-1;4,(321,439),(536,439),-1,-1;4,(386,426),(470,425),-1,-1;4,(198,43),(470,43),-1,-1;4,(593,475),(658,426),1,-1;4,(593,475),(593,439),0,-1;4,(593,439),(812,439),-1,-1;4,(658,426),(742,425),-1,-1;4,(114,50),(742,50),-1,-1;4,(44,36),(812,36),-1,-1
shcha	1,(44,475),0;1,(321,475),0;1,(593,475),0;2,(44,0),0;4,(44,0),(44,36),0,-1;4,(44,0),(114,49),1,-1;4,(44,475),(114,426),1,-1;4,(44,475),(44,439),0,-1;4,(44,439),(264,439),-1,-1;4,(114,426),(198,425),-1,-1;4,(44,0),(198,43),0,-1;4,(321,475),(386,426),1,-1;4,(321,475),(321,439),0,-1;4,(321,439),(536,439),-1,-1;4,(386,426),(470,425),-1,-1;4,(198,43),(470,43),-1,-1;4,(593,475),(658,426),1,-1;4,(593,475),(593,439),0,-1;4,(593,439),(812,439),-1,-1;4,(658,426),(742,425),-1,-1;4,(470,43),(742,43),-1,-1
hard	1,(37,475),0;1,(384,475),0;2,(144,0),0;6,(379,245),(393,292),0;4,(144,0),(144,36),0,-1;4,(144,0),(224,50),1,-1;4,(37,475),(100,432),0,-1;4,(384,475),(384,439),0,-1;4,(384,475),(313,425),1,-1;4,(144,0),(313,42),0,-1
yeru	1,(44,475),0;1,(477,475),0;2,(477,0),0;2,(44,0),0;6,(201,289),(201,243),0;4,(477,0),(477,36),0,-1;4,(477,0),(547,49),1,-1;4,(477,475),(547,426),1,-1;4,(477,475),(477,439),0,-1;4,(477,439),(706,439),-1,-1;4,(547,426),(636,425),-1,-1;4,(547,49),(636,50),-1,-1;4,(477,36),(706,36),-1,-1;4,(44,0),(44,36),0,-1;4,(44,0),(114,49),1,-1;4,(44,475),(114,426),1,-1;4,(44,475),(44,439),0,-1;4,(44,439),(272,439),-1,-1;4,(114,426),(203,425),-1,-1;4,(44,36),(203,42),-1,-1
soft	1,(44,475),0;2,(44,0),0;6,(265,245),(287,292),0;4,(44,0),(44,36),0,-1;4,(44,0),(114,49),1,-1;4,(44,475),(114,426),1,-1;4,(44,475),(44,439),0,-1;4,(44,439),(272,439),-1,-1;4,(114,426),(203,425),-1,-1;4,(44,36),(203,42),-1,-1
ecyr	1,(216,488),0;2,(197,-13),0;6,(348,222),(347,267),0;6,(154,217),(154,270),1;4,(216,488),(204,442),0,-1;4,(197,-13),(198,32),0,-1
yu	1,(535,488),0;1,(44,475),0;2,(535,-13),0;2,(44,0),0;6,(201,227),(201,270),0;4,(44,0),(114,49),1,-1;4,(114,49),(203,50),-1,-1;4,(44,0),(44,36),0,-1;4,(44,36),(272,36),-1,-1;4,(44,475),(114,426),1,-1;4,(44,475),(44,439),0,-1;4,(44,439),(272,439),-1,-1;4,(114,426),(203,425),-1,-1;4,(535,-13),(535,32),0,-1;4,(535,488),(535,442),0,-1
ya	1,(488,475),0;2,(260,0),0;2,(10,0),0;2,(78,-11),0;6,(332,201),(332,242),0;4,(488,475),(488,439),0,-1;4,(488,439),(330,432),-1,-1;4,(10,0),(10,36),0,-1;4,(488,475),(418,426),1,-1;4,(260,0),(330,49),1,-1;4,(330,49),(418,50),-1,-1;4,(260,0),(260,36),0,-1;4,(260,36),(488,36),-1,-1
ieukran	1,(283,488),0;2,(273,-13),0;6,(371,219),(371,272),1;4,(283,488),(286,442),0,-1;4,(273,-13),(286,47),1,-1
be.srb	2,(271,-13),0;14,(268,438),(271,-13),(438,715),-1;4,(268,438),(225,457),-1,-1;4,(271,-13),(276,32),0,-1
A.sc	1,(266,553),2;2,(5,0),0;2,(332,0),0;4,(5,0),(5,40),0,-1;4,(5,0),(81,53),1,-1;4,(332,0),(415,50),1,-1;4,(415,50),(511,48),-1,-1;4,(332,0),(332,39),0,-1;4,(332,39),(574,39),-1,-1;14,(188,217),(5,0),(266,553),-1;4,(188,217),(170,171),0,-1;4,(81,53),(127,53),-1,-1;4,(5,40),(211,40),-1,-1
B.sc	1,(55,549),2;2,(55,0),0;6,(227,260),(227,306),0;4,(55,549),(134,500),1,-1;4,(55,549),(55,510),0,-1;14,(372,285),(227,306),(227,260),-1;4,(55,0),(55,40),0,-1;4,(55,0),(134,50),1,-1;4,(55,510),(229,504),-1,-1;4,(55,40),(229,45),-1,-1
C.sc	1,(356,563),2;2,(356,-13),0;4,(356,-13),(362,36),0,-1;4,(356,563),(368,513),0,-1
D.sc	1,(55,549),2;2,(55,0),0;4,(55,549),(134,500),1,-1;4,(55,549),(55,510),0,-1;4,(55,0),(55,40),-2,-1;4,(55,0),(134,50),1,-1;4,(134,50),(229,45),-1,-1;4,(134,500),(229,504),-1,-1
E.sc	1,(494,549),2;1,(55,549),2;2,(55,0),0;2,(513,0),0;6,(227,259),(227,304),0;4,(494,549),(425,500),1,-1;4,(425,500),(134,500),-1,-1;4,(55,549),(55,510),0,-1;4,(513,0),(443,49),1,-1;4,(55,0),(55,40),0,-1;4,(443,49),(134,50),-1,-1
F.sc	1,(55,549),2;2,(55,0),0;6,(445,396),(414,382),0;6,(227,259),(227,304),0;4,(55,549),(134,500),1,-1;4,(55,549),(55,510),0,-1;4,(134,500),(229,500),-1,-1;4,(227,259),(370,172),-2,-1;4,(55,0),(134,50),1,-1;4,(134,50),(229,50),-1,-1;4,(55,0),(55,40),0,-1;4,(55,40),(307,40),-1,-1
G.sc	1,(359,563),2;2,(354,-13),0;6,(366,223),(366,261),0;4,(359,563),(367,513),1,-1;4,(354,-13),(375,38),1,-1;4,(366,261),(456,215),0,-1;4,(366,223),(601,223),-1,-1;4,(456,215),(550,218),-1,-1
H.sc	1,(55,549),2;1,(419,549),2;2,(55,0),0;2,(419,0),0;6,(227,256),(227,300),0;4,(55,549),(134,500),1,-1;4,(55,549),(55,510),0,-1;4,(55,510),(306,510),-1,-1;4,(134,500),(229,501),-1,-1;4,(229,501),(497,501),-1,-1;4,(306,510),(419,510),-1,-1;4,(419,510),(671,510),-1,-1;4,(497,501),(592,500),-1,-1;4,(55,0),(134,50),1,-1;4,(134,50),(229,49),-1,-1;4,(229,49),(497,49),-1,-1;4,(497,49),(592,50),-1,-1;4,(55,0),(55,40),0,-1;4,(55,40),(306,40),-1,-1;4,(306,40),(419,40),-1,-1;4,(419,40),(671,40),-1,-1
I.sc	1,(55,549),2;2,(55,0),0;4,(55,549),(134,500),1,-1;4,(55,549),(55,510),0,-1;4,(55,510),(307,510),-1,-1;4,(134,500),(229,501),-1,-1;4,(55,0),(134,50),1,-1;4,(134,50),(229,49),-1,-1;4,(55,0),(55,40),0,-1;4,(55,40),(307,40),-1,-1
J.sc	1,(55,549),2;6,(57,-138),(127,-92),1;4,(55,549),(55,510),0,-1;4,(55,510),(316,510),-1,-1;4,(55,549),(142,500),1,-1;4,(142,500),(237,500),-1,-1;4,(127,-92),(34,-43),-2,-1
K.sc	1,(55,549),2;1,(383,549),2;2,(55,0),0;2,(367,0),0;4,(55,549),(134,500),1,-1;4,(55,549),(55,510),0,-1;4,(55,510),(306,510),-1,-1;4,(134,500),(225,500),-1,-1;14,(224,254),(55,0),(55,549),-1;4,(225,500),(437,497),-1,-1;4,(306,510),(383,510),-1,-1;4,(383,510),(585,510),-1,-1;4,(437,497),(495,497),-1,-1;14,(359,344),(367,0),(383,549),-1;4,(55,0),(134,50),1,-1;4,(134,50),(225,50),-1,-1;4,(225,50),(434,49),-1,-1;4,(434,49),(529,49),-1,-1;4,(55,0),(55,40),0,-1;4,(55,40),(306,40),-1,-1;4,(306,40),(367,40),-1,-1;4,(367,40),(596,40),-1,-1;14,(304,281),(367,0),(383,549),-1;14,(224,191),(55,0),(55,549),-1
L.sc	1,(55,549),2;2,(55,0),0;4,(55,549),(134,500),1,-1;4,(55,549),(55,510),0,-1;4,(55,510),(307,510),-1,-1;4,(134,500),(229,501),-1,-1;4,(55,0),(134,50),1,-1;4,(134,50),(229,49),-1,-1;4,(55,0),(55,40),0,-1
M.sc	1,(52,549),2;1,(588,549),2;2,(50,0),0;2,(527,0),0;4,(50,0),(50,40),0,-1;4,(50,0),(128,52),1,-1;4,(52,549),(128,500),1,-1;4,(52,549),(52,510),0,-1;14,(410,111),(50,0),(52,549),-1;4,(588,549),(768,510),0,-1;4,(128,500),(690,501),-1,-1;4,(527,0),(597,49),1,-1;4,(597,49),(690,50),-1,-1;4,(527,0),(527,40),0,-1;4,(527,40),(768,40),-1,-1;14,(173,448),(50,0),(52,549),-1;4,(173,448),(598,448),-1,-1;4,(128,52),(178,51),-1,-1;4,(50,40),(246,40),-1,-1
N.sc	1,(412,549),2;1,(56,549),2;2,(519,-6),0;2,(50,0),0;4,(50,0),(50,40),0,-1;4,(50,0),(124,51),1,-1;4,(56,549),(116,501),1,-1;4,(56,549),(56,510),0,-1;14,(502,170),(412,549),(519,-6),-1;4,(116,501),(502,498),-1,-1;4,(56,510),(412,510),-1,-1;4,(412,510),(624,510),-1,-1;4,(502,498),(551,498),-1,-1;14,(172,431),(50,0),(56,549),-1;4,(124,51),(172,53),-1,-1;4,(50,40),(263,40),-1,-1
O.sc	1,(329,563),2;2,(329,-13),0;4,(329,-13),(329,36),0,-1;4,(329,563),(329,513),0,-1
P.sc	1,(55,549),2;2,(55,0),0;6,(227,212),(227,258),0;4,(55,549),(134,500),1,-1;4,(55,549),(55,510),0,-1;4,(55,0),(134,50),1,-1;4,(134,50),(229,50),-1,-1;4,(55,0),(55,40),0,-1;4,(55,40),(307,40),-1,-1;4,(55,510),(229,504),-1,-1
Q.sc	1,(329,563),2;2,(279,-9),0;2,(370,-10),0;6,(457,-183),(492,-127),0;4,(370,-10),(329,36),0,-1;4,(329,563),(329,513),0,-1
R.sc	1,(55,549),2;2,(307,0),0;2,(510,-10),0;2,(576,0),0;6,(227,254),(227,298),0;4,(55,549),(134,500),1,-1;4,(55,549),(55,510),0,-1;14,(372,269),(227,298),(227,254),-1;4,(510,-10),(576,40),1,-1;4,(576,40),(512,48),-1,-1;4,(307,0),(229,49),1,-1;4,(307,0),(307,40),0,-1;4,(307,40),(55,40),-1,-1;4,(229,49),(134,50),-1,-1;4,(134,500),(229,504),-1,-1
S.sc	1,(259,563),2;2,(220,-13),0;4,(220,-13),(217,36),1,-1;14,(347,127),(220,-13),(259,563),-1;4,(259,563),(253,513),1,-1;14,(140,426),(259,563),(220,-13),-1
T.sc	1,(33,549),2;2,(139,0),0;4,(33,549),(226,500),1,-1;4,(226,500),(321,500),-1,-1;4,(139,0),(226,50),1,-1;4,(226,50),(321,50),-1,-1;4,(139,0),(139,40),0,-1;4,(139,40),(408,40),-1,-1
U.sc	1,(49,549),2;1,(412,549),2;2,(338,-13),0;4,(338,-13),(354,58),1,-1;4,(49,549),(120,502),1,-1;4,(120,502),(215,499),-1,-1;4,(215,499),(499,497),-1,-1;4,(49,549),(49,510),0,-1;4,(49,510),(303,510),-1,-1;4,(303,510),(412,510),-1,-1;4,(412,510),(623,510),-1,-1;4,(499,497),(547,499),-1,-1
V.sc	1,(22,549),2;1,(391,549),2;2,(292,-6),0;4,(22,549),(88,502),1,-1;4,(22,549),(22,510),0,-1;4,(22,510),(266,505),-1,-1;4,(88,502),(188,498),-1,-1;14,(327,137),(391,549),(292,-6),-1;4,(188,498),(463,498),-1,-1;4,(266,505),(391,505),-1,-1;4,(391,505),(593,510),-1,-1;4,(463,498),(516,499),-1,-1
W.sc	1,(329,549),2;1,(641,549),2;1,(20,549),2;2,(249,-6),0;2,(580,-6),0;4,(20,549),(92,501),1,-1;4,(20,549),(20,510),0,-1;4,(20,510),(265,510),-1,-1;4,(92,501),(186,500),-1,-1;14,(287,155),(249,-6),(329,549),-1;4,(186,500),(416,499),-1,-1;4,(265,510),(329,510),-1,-1;4,(329,510),(573,510),-1,-1;4,(416,499),(486,499),-1,-1;14,(611,152),(580,-6),(641,549),-1;4,(486,499),(718,498),-1,-1;4,(573,510),(641,510),-1,-1;4,(641,510),(838,510),-1,-1;4,(718,498),(768,499),-1,-1
X.sc	1,(18,549),2;1,(343,549),2;2,(11,0),0;2,(310,0),0;4,(11,0),(11,40),0,-1;4,(11,0),(98,52),1,-1;4,(18,549),(97,501),1,-1;4,(18,549),(18,510),0,-1;4,(18,510),(272,510),-1,-1;4,(97,501),(199,501),-1,-1;14,(305,337),(98,52),(97,501),-1;4,(199,501),(413,499),-1,-1;4,(272,510),(343,510),-1,-1;4,(343,510),(544,510),-1,-1;4,(413,499),(466,499),-1,-1;4,(98,52),(150,49),-1,-1;4,(150,49),(386,49),-1,-1;4,(386,49),(490,49),-1,-1;4,(11,40),(211,40),-1,-1;4,(211,40),(310,40),-1,-1;4,(310,40),(565,40),-1,-1;14,(272,228),(98,52),(97,501),-1
Y.sc	1,(17,549),2;1,(352,549),2;2,(149,0),0;4,(149,0),(149,40),0,-1;4,(149,0),(236,50),1,-1;4,(17,549),(85,502),1,-1;4,(17,549),(17,510),0,-1;4,(17,510),(272,510),-1,-1;4,(85,502),(192,500),-1,-1;14,(307,263),(236,50),(85,502),-1;4,(192,500),(426,499),-1,-1;4,(272,510),(352,510),-1,-1;4,(352,510),(552,510),-1,-1;4,(426,499),(474,498),-1,-1;4,(236,50),(330,50),-1,-1;4,(149,40),(419,40),-1,-1
Z.sc	1,(453,549),2;2,(24,0),0;4,(24,0),(134,49),1,-1;4,(134,49),(24,33),-1,-1;4,(453,549),(343,500),1,-1;4,(343,500),(453,516),-1,-1
AE.sc	1,(275,549),2;2,(325,0),0;2,(211,0),0;4,(325,0),(325,40),0,-1;4,(325,40),(211,40),-1,-1;4,(211,40),(5,40),-1,-1;4,(325,0),(491,49),1,-1;4,(491,49),(397,49),-1,-1;4,(397,49),(137,52),-1,-1;4,(137,52),(80,51),-1,-1;4,(275,549),(491,500),1,-1;4,(491,500),(398,496),-1,-1;4,(398,496),(342,500),-1,-1;4,(275,549),(275,510),0,-1;14,(490,259),(211,0),(275,549),-1;4,(490,259),(490,304),0,-1;14,(398,201),(211,0),(275,549),-1;4,(398,201),(398,246),0,-1
Germandbls.sc	1,(371,563),2;2,(55,0),0;2,(441,-13),0;6,(522,527),(522,503),0;4,(55,0),(55,39),0,-1;4,(55,0),(134,49),1,-1;14,(435,385),(371,563),(441,-13),-1;4,(441,-13),(431,32),0,-1;14,(524,111),(441,-13),(371,563),-1;14,(455,508),(522,527),(522,503),-1;4,(371,563),(375,513),1,-1
Hbar.sc	1,(49,549),2;1,(413,549),2;2,(49,0),0;2,(413,0),0;6,(492,374),(492,420),1;6,(492,238),(492,284),1;4,(492,374),(130,374),-1,-1;4,(492,420),(38,420),-1,-1;4,(49,549),(128,500),1,-1;4,(49,549),(49,510),0,-1;4,(49,510),(301,510),-1,-1;4,(128,500),(223,501),-1,-1;4,(413,549),(491,501),1,-1;4,(413,549),(413,510),0,-1;4,(413,510),(664,510),-1,-1;4,(491,501),(586,501),-1,-1;4,(492,420),(584,420),-1,-1;4,(492,374),(676,374),-1,-1;4,(413,0),(491,49),1,-1;4,(491,49),(586,49),-1,-1;4,(413,0),(413,40),0,-1;4,(413,40),(664,40),-1,-1;4,(49,0),(128,50),1,-1;4,(128,50),(223,49),-1,-1;4,(49,0),(49,40),0,-1;4,(49,40),(301,40),-1,-1
Lslash.sc	1,(55,549),2;2,(55,0),0;14,(227,251),(55,0),(55,549),-1;4,(55,0),(134,50),1,-1;4,(134,50),(229,49),-1,-1;4,(55,0),(55,40),0,-1;4,(227,251),(136,208),-1,-1;4,(227,251),(227,306),1,-1;4,(227,306),(136,263),-1,-1;4,(55,549),(134,500),1,-1;4,(55,549),(55,510),0,-1;4,(55,510),(307,510),-1,-1;4,(134,500),(229,501),-1,-1
Oslash.sc	1,(550,566),2;1,(329,563),2;2,(108,-19),0;2,(329,-13),0;4,(329,-13),(329,36),0,-1;4,(329,563),(329,513),0,-1;14,(186,151),(329,36),(329,513),-1;14,(473,398),(329,513),(329,36),-1
OE.sc	1,(353,563),2;1,(468,549),2;2,(353,-13),0;2,(468,0),0;6,(524,259),(524,304),0;4,(353,-13),(360,36),1,-1;4,(468,0),(526,49),1,-1;4,(526,49),(430,45),-1,-1;4,(468,549),(526,500),1,-1;4,(526,500),(430,503),-1,-1;4,(353,563),(361,513),1,-1
Uogonek.sc	1,(303,549),2;1,(412,549),2;2,(345,-13),0;6,(409,-182),(445,-126),1;4,(303,549),(303,510),0,-1;4,(303,510),(49,510),-1,-1;4,(303,549),(215,499),1,-1;4,(345,-13),(350,58),1,-1;4,(412,549),(499,498),1,-1;4,(412,549),(412,510),0,-1;4,(412,510),(623,510),-1,-1;4,(499,498),(547,498),-1,-1;4,(215,499),(120,502),-1,-1
Uhorn.sc	1,(49,549),2;1,(412,549),2;2,(338,-13),0;4,(338,-13),(354,58),1,-1;4,(412,549),(499,497),1,-1;4,(412,549),(412,510),0,-1;4,(49,549),(120,502),1,-1;4,(49,549),(49,510),0,-1;4,(120,502),(215,499),-1,-1
Eth.sc	1,(55,549),2;2,(55,0),0;14,(227,304),(55,0),(55,549),-1;4,(227,304),(227,259),0,-1;4,(55,0),(134,50),1,-1;4,(134,50),(229,45),-1,-1;4,(55,549),(134,500),1,-1;4,(134,500),(229,504),-1,-1;4,(55,0),(55,40),0,-1;4,(227,259),(136,259),-1,-1;4,(227,304),(136,304),-1,-1;4,(55,549),(55,510),0,-1
Thorn.sc	1,(55,549),2;2,(55,0),0;4,(55,549),(134,500),1,-1;4,(55,549),(55,510),0,-1;4,(55,510),(312,510),-1,-1;4,(134,500),(229,500),-1,-1;14,(228,438),(55,549),(55,0),-1;14,(228,122),(55,0),(55,549),-1;4,(55,0),(134,50),1,-1;4,(134,50),(229,50),-1,-1;4,(55,0),(55,40),0,-1;4,(55,40),(312,40),-1,-1;4,(228,122),(227,167),0,-1;4,(228,438),(227,394),0,-1
Schwa.sc	1,(297,563),2;2,(306,-13),0;6,(453,259),(451,304),0;4,(297,563),(278,502),1,-1;4,(306,-13),(306,36),1,-1
Gamma.sc	1,(55,549),2;2,(55,0),0;4,(55,0),(55,40),0,-1;4,(55,0),(134,50),1,-1;4,(55,549),(134,500),1,-1;4,(55,549),(55,510),0,-1;4,(134,500),(229,500),-1,-1;4,(134,50),(229,50),-1,-1;4,(55,40),(307,40),-1,-1
Delta.sc	1,(263,553),2;2,(28,0),0;14,(269,451),(28,0),(263,553),-1;4,(28,0),(97,82),-2,-1
Theta.sc	1,(329,563),2;2,(329,-13),0;6,(393,251),(392,312),0;4,(329,-13),(329,36),0,-1;4,(329,563),(329,513),0,-1
Lambda.sc	1,(267,553),2;2,(576,0),0;2,(209,0),0;4,(576,0),(512,48),0,-1;4,(576,0),(576,40),1,-1;4,(576,40),(332,39),-1,-1;4,(512,48),(416,50),-1,0;14,(273,441),(8,0),(267,553),-1;4,(416,50),(127,52),-1,0;4,(332,39),(209,39),-1,-1;4,(209,39),(8,40),-1,-1;4,(127,52),(81,52),-1,0
Xi.sc	1,(62,549),2;2,(491,0),0;6,(363,251),(363,316),0;4,(62,549),(484,393),-2,-1;4,(62,549),(419,473),-2,-1;4,(484,393),(107,393),-1,-1;4,(107,393),(56,393),-1,-1;4,(491,0),(43,156),-2,-1;4,(491,0),(109,77),-2,-1;4,(43,156),(446,156),-1,-1
Pi.sc	1,(56,549),2;2,(55,0),0;2,(399,0),0;4,(56,549),(134,501),1,-1;4,(134,501),(229,499),-1,-1;4,(55,0),(134,50),1,-1;4,(134,50),(229,49),-2,-1;4,(55,0),(55,40),0,-1;4,(55,40),(306,40),-1,-1;4,(56,549),(56,510),0,-1;4,(56,510),(650,510),-1,-1;4,(229,499),(572,501),-1,-1;4,(399,0),(477,49),1,-1;4,(477,49),(572,49),-1,-1;4,(399,0),(399,40),0,-1;4,(399,40),(650,40),-1,-1
Sigma.sc	1,(32,549),2;2,(446,0),0;4,(32,549),(143,500),1,-1;14,(214,273),(25,0),(32,549),-1;4,(214,273),(299,296),-1,-1;4,(446,0),(118,82),-2,-1;4,(32,549),(32,516),0,-1
Phi.sc	1,(204,559),2;2,(204,-12),0;4,(204,559),(287,510),1,-1;4,(287,510),(288,465),-2,-1;4,(204,559),(204,521),0,-1;4,(204,521),(455,521),-1,-1;4,(287,510),(372,510),-1,-1;4,(288,465),(371,465),-1,-1;4,(204,-12),(287,37),1,-1;4,(287,37),(288,83),-2,-1;4,(288,83),(371,83),-1,-1;4,(287,37),(372,37),-1,-1;4,(204,-12),(204,26),0,-1;4,(204,26),(455,26),-1,-1;4,(288,83),(289,128),0,-1;4,(288,465),(289,420),0,-1;4,(289,128),(371,128),-1,-1;4,(289,420),(371,420),-1,-1
Psi.sc	1,(19,549),2;1,(230,549),2;1,(675,549),2;2,(221,0),0;6,(301,204),(301,251),0;4,(19,549),(19,510),0,-1;4,(230,549),(299,501),1,-1;4,(230,549),(230,510),0,-1;4,(230,510),(463,510),-1,-1;4,(299,501),(394,501),-1,-1;4,(301,251),(392,251),-1,-1;4,(675,549),(675,510),0,-1;4,(301,204),(392,204),-1,-1;4,(221,0),(299,49),1,-1;4,(299,49),(394,49),-1,-1;4,(221,0),(221,40),0,-1;4,(221,40),(472,40),-1,-1
Omega.sc	1,(331,563),2;2,(608,0),0;2,(289,0),0;4,(289,0),(289,68),-2,-1;4,(289,68),(223,71),-1,-1;4,(289,68),(374,68),-1,-1;4,(374,68),(439,71),-1,-1;4,(331,563),(331,513),0,-1
zero.sc	1,(237,561),2;2,(237,-11),0;4,(237,-11),(237,34),0,-1;4,(237,561),(237,515),0,-1
one.sc	1,(290,557),2;2,(95,0),0;4,(290,557),(218,475),1,-1;4,(218,475),(105,512),-1,-1;4,(95,0),(217,59),0,-1;4,(217,59),(300,58),-1,-1;4,(95,0),(95,34),0,-1;4,(95,34),(423,34),-1,-1;4,(105,512),(105,473),0,-1
two.sc	1,(236,561),2;2,(62,0),0;4,(62,0),(139,82),-2,-1;4,(139,82),(62,66),-1,-1;4,(236,561),(212,515),0,-1
three.sc	1,(237,561),2;2,(226,-11),0;6,(169,315),(169,265),1;4,(237,561),(220,515),0,-1;14,(297,291),(169,265),(169,315),-1;4,(226,-11),(215,34),0,-1
four.sc	1,(288,558),2;2,(264,0),0;6,(264,164),(264,225),1;4,(264,164),(345,164),-1,-1;4,(264,225),(87,225),-1,-1;4,(87,225),(29,216),-1,-1;4,(264,225),(345,225),-1,-1;14,(264,459),(288,558),(264,0),-1
five.sc	1,(116,549),2;2,(216,-11),0;6,(199,285),(226,346),1;4,(216,-11),(209,34),0,-1;4,(116,549),(160,467),-2,-1
six.sc	1,(384,561),2;2,(242,-11),0;6,(240,278),(262,339),1;4,(384,561),(390,529),1,-1;14,(136,250),(242,-11),(384,561),-1;4,(136,250),(138,288),0,-1;4,(242,-11),(243,34),0,-1
seven.sc	1,(433,549),2;2,(227,0),0;4,(433,549),(366,467),-2,-1;4,(366,467),(433,499),-1,-1
eight.sc	1,(241,561),2;2,(239,-11),0;14,(174,267),(241,561),(239,-11),-1;14,(296,297),(239,-11),(241,561),-1;4,(296,297),(256,315),-1,-1;4,(241,561),(239,515),0,-1;4,(239,-11),(241,33),0,-1;4,(174,267),(211,248),-1,-1
nine.sc	1,(224,561),2;2,(87,-16),0;6,(204,218),(229,279),1;4,(87,-16),(78,21),0,-1;14,(316,256),(87,-16),(224,561),-1;4,(316,256),(321,306),1,-1;4,(224,561),(219,515),0,-1
Be.sc	1,(55,549),2;2,(55,0),0;6,(227,272),(227,320),0;4,(55,0),(55,40),0,-1;4,(55,0),(134,50),1,-1;4,(55,549),(134,500),1,-1;4,(55,549),(55,510),0,-1;4,(55,510),(229,500),-1,-1;4,(55,40),(229,45),-1,-1
De.sc	8,(64,-149),0;1,(142,549),2;2,(90,0),0;4,(90,0),(53,49),1,-1;4,(142,549),(223,499),1,-1;4,(142,549),(142,510),0,-1;4,(142,510),(567,510),-1,-1;4,(223,499),(488,500),-1,-1;4,(53,49),(126,49),-1,-1;4,(126,49),(488,49),-1,-1;4,(64,-149),(517,-149),-1,-1;4,(142,510),(281,500),-1,-1
Zhe.sc	1,(80,564),2;1,(724,564),2;1,(279,549),2;2,(279,0),0;2,(3,0),0;2,(85,-10),0;2,(800,0),0;2,(718,-10),0;6,(359,249),(359,293),1;4,(279,0),(279,40),0,-1;4,(279,0),(357,50),1,-1;4,(3,0),(3,40),0,-1;14,(255,274),(359,249),(359,293),-1;4,(80,564),(131,460),-2,-1;4,(279,549),(357,500),1,-1;4,(279,549),(279,510),0,-1;4,(279,510),(524,510),-1,-1;4,(357,500),(446,500),-1,-1;4,(359,293),(444,293),-1,-1;4,(724,564),(672,460),-2,-1;4,(255,274),(547,274),-1,-1;4,(800,0),(800,40),0,-1;4,(359,249),(444,249),-1,-1;4,(357,50),(446,50),-1,-1;4,(279,40),(524,40),-1,-1
Ze.sc	1,(243,563),2;2,(233,-13),0;6,(225,258),(225,308),1;4,(233,-13),(219,36),1,-1;4,(243,563),(232,513),1,-1;14,(315,286),(225,308),(225,258),-1
Icyr.sc	1,(55,549),2;1,(427,549),2;2,(55,0),0;2,(427,0),0;4,(55,0),(55,40),0,-1;4,(55,0),(134,50),1,-1;4,(55,549),(134,500),1,-1;4,(55,549),(55,510),0,-1;4,(55,510),(306,510),-1,-1;4,(134,500),(229,501),-1,-1;4,(427,549),(507,500),1,-1;4,(427,549),(427,510),0,-1;4,(427,510),(678,510),-1,-1;4,(507,500),(600,501),-1,-1;4,(427,0),(505,49),1,-1;4,(505,49),(600,49),-1,-1;4,(427,0),(427,40),0,-1;4,(427,40),(678,40),-1,-1;4,(134,50),(227,50),-1,-1;4,(55,40),(306,40),-1,-1
Ka.sc	1,(55,549),2;1,(517,564),2;2,(55,0),0;2,(589,0),0;2,(507,-10),0;6,(227,246),(227,291),0;4,(55,0),(55,40),0,-1;4,(55,0),(134,50),1,-1;4,(55,549),(134,500),1,-1;4,(55,549),(55,510),0,-1;4,(55,510),(306,510),-1,-1;4,(134,500),(229,501),-1,-1;4,(517,564),(456,461),-2,-1;14,(334,272),(227,291),(227,246),-1;4,(589,0),(589,40),0,-1;4,(134,50),(229,49),-1,-1;4,(55,40),(306,40),-1,-1
El.sc	1,(135,549),2;2,(80,-13),0;2,(320,0),0;4,(80,-13),(127,76),-2,-1;4,(135,549),(210,498),1,-1;4,(135,549),(135,510),0,-1;4,(135,510),(572,510),-1,-1;4,(210,498),(494,501),-1,-1;4,(320,0),(399,50),1,-1;4,(399,50),(494,49),-1,-1;4,(320,0),(320,40),0,-1;4,(320,40),(572,40),-1,-1;4,(135,510),(260,500),-1,-1
Pe.sc	1,(55,549),2;2,(55,0),0;2,(407,0),0;4,(55,0),(55,40),0,-1;4,(55,0),(134,50),1,-1;4,(55,549),(134,500),1,-1;4,(55,549),(55,510),0,-1;4,(55,510),(658,510),-1,-1;4,(134,500),(229,504),-1,-1;4,(229,504),(579,500),-1,-1;4,(407,0),(485,49),1,-1;4,(485,49),(579,50),-1,-1;4,(407,0),(407,40),0,-1;4,(407,40),(658,40),-1,-1;4,(134,50),(229,49),-1,-1;4,(55,40),(306,40),-1,-1
Ucyr.sc	1,(20,549),2;1,(364,549),2;2,(171,-13),0;4,(20,549),(20,510),0,-1;4,(20,510),(253,510),-1,-1;4,(20,549),(80,502),1,-1;4,(80,502),(182,501),-1,-1;14,(311,227),(171,-13),(20,549),-1;4,(364,549),(431,499),1,-1;4,(364,549),(364,510),0,-1;4,(364,510),(558,510),-1,-1;4,(431,499),(488,499),-1,-1;4,(171,-13),(228,60),-2,-1
Ef.sc	1,(204,559),2;2,(204,-10),0;4,(204,559),(287,510),1,-1;4,(287,510),(288,463),-2,-1;4,(204,559),(204,521),0,-1;4,(204,521),(456,521),-1,-1;4,(287,510),(372,510),-1,-1;4,(288,463),(372,463),-1,-1;4,(204,-10),(287,41),1,-1;4,(287,41),(288,84),-2,-1;4,(288,84),(372,84),-1,-1;4,(287,41),(372,41),-1,-1;4,(204,-10),(204,29),0,-1;4,(204,29),(456,29),-1,-1;4,(288,84),(289,126),0,-1;4,(288,463),(289,422),0,-1;4,(289,126),(371,126),-1,-1;4,(289,422),(371,422),-1,-1
Tse.sc	1,(55,549),2;1,(402,549),2;2,(55,0),0;4,(55,0),(134,50),0,-1;4,(55,549),(55,510),1,-1;4,(55,510),(306,510),-1,-1;4,(134,50),(229,49),-1,-1;4,(229,49),(479,49),-1,-1;4,(306,510),(402,510),-1,-1;4,(402,510),(653,510),-1,-1;4,(479,49),(574,49),-1,-1;4,(574,49),(663,49),-1,-1
Che.sc	1,(28,549),2;1,(332,549),2;2,(332,0),0;6,(284,216),(310,272),0;4,(28,549),(28,510),0,-1;4,(28,510),(271,510),-1,-1;4,(28,549),(99,501),1,-1;4,(99,501),(192,500),-1,-1;4,(192,500),(410,501),-1,-1;4,(271,510),(332,510),-1,-1;4,(332,510),(584,510),-1,-1;4,(410,501),(506,501),-1,-1;4,(332,0),(410,49),1,-1;4,(410,49),(506,49),-1,-1;4,(332,0),(332,40),0,-1;4,(332,40),(584,40),-1,-1
Sha.sc	1,(52,549),2;1,(356,549),2;1,(648,549),2;2,(52,0),0;4,(52,0),(52,40),0,-1;4,(52,0),(133,50),1,-1;4,(52,549),(133,500),1,-1;4,(52,549),(52,510),0,-1;4,(52,510),(296,510),-1,-1;4,(133,500),(228,501),-1,-1;4,(133,50),(228,49),-1,-1;4,(228,49),(425,49),-1,-1;4,(228,501),(425,501),-1,-1;4,(296,510),(356,510),-1,-1;4,(356,510),(588,510),-1,-1;4,(425,501),(519,501),-1,-1;4,(425,49),(519,49),-1,-1;4,(519,49),(715,49),-1,-1;4,(519,501),(715,501),-1,-1;4,(588,510),(648,510),-1,-1;4,(648,510),(891,510),-1,-1;4,(715,501),(811,500),-1,-1;4,(715,49),(811,50),-1,0;4,(52,40),(891,40),-1,-1
Shcha.sc	8,(835,-149),0;1,(52,549),2;1,(356,549),2;1,(648,549),2;2,(52,0),0;4,(52,0),(52,40),0,-1;4,(52,0),(133,50),1,-1;4,(52,549),(133,500),1,-1;4,(52,549),(52,510),0,-1;4,(52,510),(296,510),-1,-1;4,(133,500),(228,501),-1,-1;4,(133,50),(228,49),-1,-1;4,(228,49),(425,49),-1,-1;4,(228,501),(425,501),-1,-1;4,(296,510),(356,510),-1,-1;4,(356,510),(588,510),-1,-1;4,(425,501),(519,501),-1,-1;4,(425,49),(519,49),-1,-1;4,(519,49),(715,49),-1,-1;4,(519,501),(715,501),-1,-1;4,(588,510),(648,510),-1,-1;4,(648,510),(891,510),-1,-1;4,(715,501),(811,500),-1,-1;4,(715,49),(811,49),-1,-1;4,(811,49),(900,49),-1,-1
Hard.sc	1,(408,549),2;2,(158,0),0;6,(329,276),(329,324),0;4,(158,0),(158,40),0,-1;4,(158,0),(236,49),1,-1;4,(408,549),(331,501),1,-1;4,(331,501),(236,500),-1,-1;4,(408,549),(408,510),0,-1;4,(158,40),(331,45),-1,-1
Yeru.sc	1,(55,549),2;1,(533,549),2;2,(533,0),0;2,(55,0),0;6,(227,276),(227,325),1;4,(55,0),(55,40),0,-1;4,(55,0),(134,50),1,-1;4,(55,549),(134,500),1,-1;4,(55,549),(55,510),0,-1;4,(55,510),(315,510),-1,-1;4,(134,500),(229,499),-1,-1;4,(533,0),(533,40),0,-1;4,(533,0),(610,49),1,-1;4,(533,549),(610,501),0,-1;4,(533,549),(533,510),0,-1;4,(533,510),(785,510),-1,-1;4,(610,501),(706,501),-1,-1;4,(610,49),(706,49),-1,-1;4,(533,40),(785,40),-1,-1;4,(55,40),(229,45),-1,-1
Soft.sc	1,(55,549),2;2,(55,0),0;6,(227,276),(227,324),0;4,(55,0),(55,40),0,-1;4,(55,0),(134,50),1,-1;4,(55,549),(134,500),1,-1;4,(55,549),(55,510),0,-1;4,(55,510),(315,510),-1,-1;4,(134,500),(229,499),-1,-1;4,(55,40),(229,45),-1,-1
Ecyr.sc	1,(231,563),2;2,(230,-13),0;6,(414,256),(413,302),0;4,(230,-13),(232,36),1,-1;4,(231,563),(225,513),1,-1
Yu.sc	1,(55,549),2;1,(601,563),2;2,(55,0),0;2,(601,-13),0;6,(347,256),(348,300),0;4,(55,0),(134,50),1,-1;4,(134,50),(225,50),-1,-1;4,(55,0),(55,40),0,-1;4,(55,40),(303,40),-1,-1;4,(55,549),(134,500),1,-1;4,(55,549),(55,510),0,-1;4,(55,510),(303,510),-1,-1;4,(134,500),(225,500),-1,-1;4,(601,-13),(601,36),1,-1;4,(601,563),(601,513),1,-1
Ya.sc	1,(531,549),2;2,(-5,0),0;2,(280,0),0;2,(68,-9),0;6,(359,247),(359,292),0;4,(531,549),(531,510),0,-1;4,(531,510),(357,504),-1,-1;4,(-5,0),(-5,40),0,-1;14,(200,268),(359,292),(359,247),-1;4,(531,549),(453,501),1,-1;4,(280,0),(357,49),1,-1;4,(357,49),(453,49),-1,-1;4,(280,0),(280,40),0,-1;4,(280,40),(531,40),-1,-1
Dje.sc	1,(33,549),2;2,(130,0),0;6,(400,-49),(387,-10),0;6,(310,272),(310,320),0;4,(33,549),(102,500),1,-1;4,(102,500),(312,500),-1,-1;4,(130,0),(130,40),0,-1;4,(130,0),(217,50),1,-1
Ieukran.sc	1,(341,563),2;2,(341,-13),0;6,(309,256),(308,302),0;4,(341,563),(353,513),1,-1;4,(341,-13),(347,36),1,-1
Lje.sc	1,(135,549),2;2,(76,-13),0;2,(320,0),0;6,(492,277),(492,324),0;4,(76,-13),(127,76),-2,-1;4,(135,549),(210,498),1,-1;4,(135,549),(135,510),0,-1;4,(135,510),(572,510),-1,-1;4,(210,498),(494,501),-1,-1;4,(320,0),(320,40),0,-1;4,(320,0),(399,50),1,-1;4,(135,510),(260,500),-1,-1;4,(320,40),(494,45),-1,-1
Nje.sc	1,(55,549),2;1,(405,549),2;2,(55,0),0;2,(405,0),0;6,(484,277),(484,322),0;4,(55,0),(134,50),1,-1;4,(134,50),(229,49),-1,-1;4,(55,0),(55,40),0,-1;4,(55,40),(306,40),-1,-1;4,(55,549),(134,500),1,-1;4,(55,549),(55,510),0,-1;4,(55,510),(306,510),-1,-1;4,(134,500),(229,501),-1,-1;4,(405,549),(483,501),1,-1;4,(405,549),(405,510),0,-1;4,(405,510),(664,510),-1,-1;4,(483,501),(577,499),-1,-1;4,(484,322),(575,326),-1,-1;4,(405,0),(405,40),0,-1;4,(405,0),(483,49),1,-1;4,(405,40),(577,45),-1,-1;4,(484,277),(575,277),-1,-1
Tshe.sc	1,(33,549),2;2,(139,0),0;2,(672,0),0;6,(319,276),(319,322),0;4,(33,549),(102,500),1,-1;4,(102,500),(321,500),-1,-1;4,(672,0),(609,49),1,-1;4,(672,0),(672,40),0,-1;4,(139,0),(226,50),1,-1;4,(226,50),(321,50),-1,-1;4,(139,0),(139,40),0,-1;4,(139,40),(409,40),-1,-1
Dzhe.sc	8,(324,-181),0;1,(55,549),2;1,(402,549),2;2,(55,0),0;4,(55,0),(55,40),0,-1;4,(55,0),(134,50),1,-1;4,(55,549),(134,500),1,-1;4,(55,549),(55,510),0,-1;4,(55,510),(306,510),-1,-1;4,(134,500),(229,501),-1,-1;4,(134,50),(229,49),-1,-1;4,(402,549),(479,501),1,-1;4,(402,549),(402,510),0,-1;4,(402,510),(653,510),-1,-1;4,(479,501),(574,500),-1,-1;4,(229,49),(574,50),-1,-1;4,(55,40),(653,40),-1,-1
Fita.sc	1,(329,563),2;2,(329,-13),0;6,(497,257),(496,302),0;4,(329,563),(329,513),1,-1;4,(329,-13),(329,36),1,-1
Gheup.sc	8,(427,675),0;1,(55,549),2;2,(55,0),0;4,(55,0),(55,40),0,-1;4,(55,0),(134,50),1,-1;4,(55,549),(134,500),1,-1;4,(55,549),(55,510),0,-1;4,(134,500),(229,500),-1,-1;4,(134,50),(229,50),-1,-1;4,(55,40),(307,40),-1,-1
Ghestroke.sc	1,(55,549),2;2,(55,0),0;6,(136,256),(136,300),0;4,(55,549),(134,500),1,-1;4,(55,549),(55,510),0,-1;4,(134,500),(229,500),-1,-1;4,(136,300),(227,300),-1,-1;4,(136,256),(227,256),-1,-1;4,(55,0),(134,50),1,-1;4,(134,50),(229,50),-1,-1;4,(55,0),(55,40),0,-1;4,(55,40),(307,40),-1,-1
Zhedescender.sc	8,(741,-149),0;1,(80,564),2;1,(724,564),2;1,(279,549),2;2,(279,0),0;2,(3,0),0;2,(85,-10),0;2,(722,-10),0;6,(359,249),(359,293),1;4,(279,0),(279,40),0,-1;4,(279,0),(357,50),1,-1;4,(3,0),(3,40),0,-1;14,(255,274),(359,249),(359,293),-1;4,(80,564),(131,460),-2,-1;4,(279,549),(357,500),1,-1;4,(279,549),(279,510),0,-1;4,(279,510),(524,510),-1,-1;4,(357,500),(446,500),-1,-1;4,(359,293),(444,293),-1,-1;4,(724,564),(672,460),-2,-1;4,(255,274),(547,274),-1,-1;4,(279,40),(524,40),-1,-1;4,(524,40),(802,41),-1,-1;4,(359,249),(444,249),-1,-1;4,(357,50),(446,50),-1,-1
Kadescender.sc	8,(530,-149),0;1,(55,549),2;1,(517,564),2;2,(55,0),0;2,(512,-10),0;6,(227,246),(227,291),0;4,(55,0),(55,40),0,-1;4,(55,0),(134,50),1,-1;4,(55,549),(134,500),1,-1;4,(55,549),(55,510),0,-1;4,(55,510),(306,510),-1,-1;4,(134,500),(229,501),-1,-1;4,(517,564),(456,461),-2,-1;14,(334,272),(227,291),(227,246),-1;4,(55,40),(592,41),-1,-1;4,(134,50),(306,40),-1,-1;4,(55,40),(306,0),-1,-1
Kabashkir.sc	1,(408,549),2;1,(618,564),2;2,(157,0),0;2,(690,0),0;2,(608,-10),0;6,(329,246),(329,291),0;4,(408,549),(408,510),0,-1;4,(408,549),(330,501),0,-1;4,(618,564),(557,461),-2,-1;14,(434,272),(329,291),(329,246),-1;4,(690,0),(690,40),0,-1;4,(157,0),(235,50),1,-1;4,(235,50),(330,49),-1,-1;4,(157,0),(157,40),0,-1;4,(157,40),(408,40),-1,-1;4,(330,501),(235,500),-1,-1
Endescender.sc	8,(612,-149),0;1,(55,549),2;1,(419,549),2;2,(55,0),0;2,(419,0),0;6,(227,256),(227,300),0;4,(55,549),(134,500),1,-1;4,(55,549),(55,510),0,-1;4,(55,510),(306,510),-1,-1;4,(134,500),(229,501),-1,-1;4,(229,501),(497,501),-1,-1;4,(306,510),(419,510),-1,-1;4,(419,510),(671,510),-1,-1;4,(497,501),(592,500),-1,-1;4,(55,0),(134,50),1,-1;4,(134,50),(229,49),-1,-1;4,(229,49),(497,49),-1,-1;4,(497,49),(592,50),-1,-1;4,(55,0),(55,40),0,-1;4,(55,40),(306,40),-1,-1;4,(306,40),(419,40),-1,-1;4,(419,40),(674,41),-1,-1
Ustraightstroke.sc	1,(17,549),2;1,(352,549),2;2,(149,0),0;6,(469,192),(469,237),1;4,(149,0),(236,50),1,-1;4,(236,50),(330,50),-1,-1;4,(149,0),(149,40),0,-1;4,(149,40),(419,40),-1,-1;4,(469,192),(237,192),-1,-1;4,(469,237),(93,237),-1,-1;4,(17,549),(85,502),1,-1;4,(17,549),(17,510),0,-1;4,(17,510),(272,510),-1,-1;4,(85,502),(192,500),-1,-1;14,(307,263),(149,0),(17,549),-1;4,(352,549),(426,499),1,-1;4,(352,549),(352,510),0,-1;4,(352,510),(552,510),-1,-1;4,(426,499),(474,498),-1,-1
Hadescender.sc	8,(510,-149),0;1,(18,549),2;1,(343,549),2;2,(11,0),0;2,(310,0),0;4,(11,0),(11,40),0,-1;4,(11,0),(98,52),1,-1;4,(18,549),(97,501),1,-1;4,(18,549),(18,510),0,-1;4,(18,510),(272,510),-1,-1;4,(97,501),(199,501),-1,-1;14,(305,337),(98,52),(97,501),-1;4,(199,501),(413,499),-1,-1;4,(272,510),(343,510),-1,-1;4,(343,510),(544,510),-1,-1;4,(413,499),(466,499),-1,-1;4,(98,52),(150,49),-1,-1;4,(150,49),(386,49),-1,-1;4,(386,49),(489,49),-1,-1;4,(11,40),(211,40),-1,-1;4,(211,40),(310,40),-1,-1;4,(310,40),(571,41),-1,-1;14,(272,228),(98,52),(97,501),-1
