# Glyph name	TT hints
A	1,(298,667),4;2,(7,0),0;2,(368,0),0;4,(7,0),(7,47),0,-1;4,(7,0),(89,59),1,-1;4,(368,0),(456,57),1,-1;4,(456,57),(589,54),-1,-1;4,(368,0),(368,46),0,-1;4,(368,46),(657,46),-1,-1;14,(207,257),(298,667),(89,59),0;4,(207,257),(190,205),0,-1;4,(89,59),(142,60),-1,-1;4,(7,47),(229,47),-1,-1;4,(298,667),(300,535),-1,-1
B	1,(39,663),4;1,(345,663),4;2,(39,0),0;2,(318,0),0;6,(253,320),(253,369),0;4,(39,663),(123,607),1,-1;4,(39,663),(39,616),0,-1;14,(408,350),(253,320),(253,369),-1;4,(39,0),(39,47),0,-1;4,(39,0),(123,56),1,-1;4,(345,663),(255,612),0,-1;4,(318,0),(302,52),0,-1
C	1,(386,680),4;2,(383,-17),0;4,(383,-17),(398,37),0,-1;4,(386,680),(404,627),0,-1
D	1,(39,663),4;2,(39,0),0;4,(39,663),(123,607),1,-1;4,(39,663),(39,616),0,-1;4,(39,0),(39,47),-2,-1;4,(39,0),(123,56),1,-1;4,(123,56),(256,52),-1,-1;4,(123,607),(256,612),-1,-1
E	1,(543,663),4;1,(39,663),4;2,(39,0),0;2,(563,0),0;6,(254,314),(254,367),0;4,(543,663),(459,610),1,-1;4,(459,610),(123,607),-1,-1;4,(39,663),(39,616),0,-1;4,(563,0),(479,53),1,-1;4,(39,0),(39,47),0,-1;4,(479,53),(123,56),-1,-1
F	1,(39,663),4;2,(39,0),0;6,(483,488),(453,454),0;6,(254,314),(254,367),0;4,(39,663),(123,607),1,-1;4,(39,663),(39,616),0,-1;4,(123,607),(256,610),-1,-1;4,(254,314),(402,218),-2,-1;4,(39,0),(123,56),1,-1;4,(123,56),(256,57),-1,-1;4,(39,0),(39,47),0,-1;4,(39,47),(347,47),-1,-1
G	1,(390,680),4;2,(382,-17),0;6,(381,274),(381,321),0;4,(390,680),(404,627),1,-1;4,(382,-17),(406,37),1,-1;4,(381,321),(478,264),1,-1;4,(381,274),(663,274),-1,-1;4,(478,264),(607,268),-1,-1
H	1,(39,663),4;1,(441,663),4;2,(39,0),0;2,(441,0),0;6,(253,314),(253,366),0;4,(39,663),(122,607),1,-1;4,(39,663),(39,616),0,-1;4,(39,616),(337,616),-1,-1;4,(122,607),(255,607),-1,-1;4,(255,607),(522,607),-1,-1;4,(337,616),(441,616),-1,-1;4,(441,616),(739,616),-1,-1;4,(522,607),(656,607),-1,-1;4,(39,0),(122,56),1,-1;4,(122,56),(255,56),-1,-1;4,(255,56),(522,56),-1,-1;4,(522,56),(656,56),-1,-1;4,(39,0),(39,47),0,-1;4,(39,47),(337,47),-1,-1;4,(337,47),(441,47),-1,-1;4,(441,47),(739,47),-1,-1
I	1,(39,663),4;2,(39,0),0;4,(39,663),(123,607),1,-1;4,(39,663),(39,616),0,-1;4,(39,616),(340,616),-1,-1;4,(123,607),(256,607),-1,-1;4,(39,0),(123,56),1,-1;4,(123,56),(256,56),-1,-1;4,(39,0),(39,47),0,-1;4,(39,47),(340,47),-1,-1
J	1,(41,663),4;6,(40,-168),(112,-116),1;4,(41,663),(41,616),0,-1;4,(41,616),(353,616),-1,-1;4,(41,663),(135,606),1,-1;4,(135,606),(269,607),-1,-1;4,(112,-116),(7,-51),-2,-1
K	1,(39,663),4;1,(422,663),4;2,(39,0),0;2,(404,0),0;4,(39,663),(123,607),1,-1;4,(39,663),(39,616),0,-1;4,(39,616),(337,616),-1,-1;4,(123,607),(251,606),-1,-1;14,(249,305),(39,0),(39,663),-1;4,(251,606),(491,603),-1,-1;4,(337,616),(422,616),-1,-1;4,(422,616),(653,616),-1,-1;4,(491,603),(557,603),-1,-1;4,(39,0),(123,56),1,-1;4,(123,56),(251,56),-1,-1;4,(251,56),(469,55),-1,-1;4,(469,55),(606,55),-1,-1;4,(39,0),(39,47),0,-1;4,(39,47),(331,47),-1,-1;4,(331,47),(404,47),-1,-1;4,(404,47),(676,47),-1,-1;14,(249,235),(39,0),(39,663),-1
L	1,(39,663),4;2,(39,0),0;4,(39,663),(123,607),1,-1;4,(39,663),(39,616),0,-1;4,(39,616),(344,616),-1,-1;4,(123,607),(256,606),-1,-1;4,(39,0),(123,56),1,-1;4,(123,56),(256,54),-1,-1;4,(39,0),(39,47),0,-1
M	1,(33,663),4;1,(858,663),4;2,(29,0),0;2,(565,0),0;2,(385,0),0;4,(29,0),(29,47),0,-1;4,(29,0),(122,60),1,-1;4,(33,663),(122,605),1,-1;4,(33,663),(33,616),0,-1;14,(451,166),(385,0),(33,663),-1;4,(858,663),(858,616),0,-1;4,(858,663),(776,607),1,-1;4,(565,0),(644,57),1,-1;4,(644,57),(776,56),-1,-1;4,(565,0),(565,47),0,-1;4,(565,47),(860,47),-1,-1;14,(176,536),(33,663),(29,0),-1;4,(176,536),(647,537),-1,-1;4,(122,60),(180,60),-1,-1;4,(29,47),(263,47),-1,-1
N	1,(445,663),4;1,(37,663),4;2,(553,-4),0;2,(34,0),0;4,(34,0),(34,47),0,-1;4,(34,0),(119,59),1,-1;4,(37,663),(108,609),1,-1;4,(37,663),(37,616),0,-1;14,(555,210),(445,663),(553,-4),-1;4,(108,609),(555,603),-1,-1;4,(37,616),(445,616),-1,-1;4,(445,616),(697,616),-1,-1;4,(555,603),(612,603),-1,-1;14,(176,514),(34,0),(37,663),-1;4,(119,59),(176,61),-1,-1;4,(34,47),(286,47),-1,-1
O	1,(353,680),4;2,(353,-17),0;4,(353,-17),(353,37),0,-1;4,(353,680),(353,627),0,-1
P	1,(39,663),4;2,(39,0),0;6,(254,258),(254,309),0;4,(39,663),(123,607),1,-1;4,(39,663),(39,616),0,-1;4,(39,0),(123,56),1,-1;4,(123,56),(256,57),-1,-1;4,(39,0),(39,47),0,-1;4,(39,47),(347,47),-1,-1;4,(123,607),(256,612),-1,-1
Q	1,(353,680),4;2,(285,-10),0;2,(410,-12),0;6,(496,-211),(535,-146),0;4,(410,-12),(353,37),0,-1;4,(353,680),(353,627),0,-1
R	1,(39,663),4;2,(340,0),0;2,(566,-12),0;2,(657,0),0;6,(253,306),(253,356),0;4,(39,663),(123,607),1,-1;4,(39,663),(39,616),0,-1;14,(411,329),(253,356),(253,306),-1;4,(566,-12),(657,47),1,-1;4,(657,47),(580,55),-1,-1;4,(340,0),(255,56),1,-1;4,(340,0),(340,47),0,-1;4,(340,47),(39,47),-1,-1;4,(255,56),(123,56),-1,-1;4,(123,607),(255,612),-1,-1
S	1,(286,680),4;2,(242,-17),0;4,(242,-17),(241,38),0,-1;4,(286,680),(284,625),0,-1;14,(228,279),(241,38),(284,625),-1;14,(310,388),(284,625),(241,38),-1
T	1,(26,663),4;2,(148,0),0;4,(26,663),(242,610),1,-1;4,(242,610),(376,610),-1,-1;4,(148,0),(242,57),1,-1;4,(242,57),(376,57),-1,-1;4,(148,0),(148,47),0,-1;4,(148,47),(470,47),-1,-1
U	1,(34,663),4;1,(459,663),4;2,(363,-17),0;4,(363,-17),(398,64),1,-1;4,(34,663),(112,608),1,-1;4,(112,608),(246,606),-1,-1;4,(246,606),(556,605),-1,-1;4,(34,663),(34,616),0,-1;4,(34,616),(338,616),-1,-1;4,(338,616),(459,616),-1,-1;4,(459,616),(699,616),-1,-1;4,(556,605),(614,606),-1,-1
V	1,(11,663),4;1,(438,663),4;2,(303,-4),0;4,(11,663),(79,609),1,-1;4,(11,663),(11,616),0,-1;4,(11,616),(308,615),-1,-1;4,(79,609),(218,605),-1,-1;14,(371,158),(438,663),(303,-4),-1;4,(218,605),(522,604),-1,-1;4,(308,615),(438,615),-1,-1;4,(438,615),(662,616),-1,-1;4,(522,604),(581,604),-1,-1
W	1,(382,663),4;1,(745,663),4;1,(11,663),4;2,(264,-4),0;2,(642,-4),0;4,(11,663),(84,608),1,-1;4,(11,663),(11,616),0,-1;4,(11,616),(302,616),-1,-1;4,(84,608),(219,606),-1,-1;14,(333,172),(264,-4),(382,663),-1;4,(219,606),(469,606),-1,-1;4,(302,616),(382,616),-1,-1;4,(382,616),(667,616),-1,-1;4,(469,606),(572,604),-1,-1;14,(705,169),(642,-4),(745,663),-1;4,(572,604),(827,604),-1,-1;4,(667,616),(745,616),-1,-1;4,(745,616),(965,616),-1,-1;4,(827,604),(884,603),-1,-1
X	1,(15,663),4;1,(396,663),4;2,(9,0),0;2,(338,0),0;4,(9,0),(9,47),0,-1;4,(9,0),(96,57),1,-1;4,(15,663),(94,607),1,-1;4,(15,663),(15,616),0,-1;4,(15,616),(312,616),-1,-1;4,(94,607),(237,608),-1,-1;14,(351,414),(96,57),(94,607),-1;4,(237,608),(470,608),-1,-1;4,(312,616),(396,616),-1,-1;4,(396,616),(616,616),-1,-1;4,(470,608),(534,607),-1,-1;4,(96,57),(159,56),-1,-1;4,(159,56),(421,56),-1,-1;4,(421,56),(564,56),-1,-1;4,(9,47),(230,47),-1,-1;4,(230,47),(338,47),-1,-1;4,(338,47),(643,47),-1,-1;14,(294,269),(96,57),(94,607),-1
Y	1,(11,663),4;1,(404,663),4;2,(156,0),0;4,(156,0),(156,47),0,-1;4,(156,0),(250,57),1,-1;4,(11,663),(80,609),1,-1;4,(11,663),(11,616),0,-1;4,(11,616),(313,616),-1,-1;4,(80,609),(227,606),-1,-1;14,(354,328),(250,57),(80,609),-1;4,(227,606),(484,604),-1,-1;4,(313,616),(404,616),-1,-1;4,(404,616),(622,616),-1,-1;4,(484,604),(542,603),-1,-1;4,(250,57),(382,57),-1,-1;4,(156,47),(477,47),-1,-1
Z	1,(520,663),4;2,(20,0),0;4,(20,0),(170,54),1,-1;4,(170,54),(20,41),-1,-1;4,(520,663),(371,610),1,-1;4,(371,610),(520,623),-1,-1
a	1,(264,493),0;2,(171,-14),0;2,(415,-12),0;4,(171,-14),(226,59),1,-1;14,(313,298),(171,-14),(264,493),-1;4,(313,298),(313,258),0,-1;4,(264,493),(225,445),0,-1;14,(109,316),(171,-14),(264,493),-1;4,(415,-12),(460,49),1,-1
b	1,(362,493),0;1,(202,733),5;2,(346,-14),0;2,(29,0),0;2,(198,-12),0;4,(29,0),(29,41),0,-1;4,(29,0),(95,54),1,-1;4,(202,733),(96,640),1,-1;4,(96,640),(23,688),0,-1;4,(346,-14),(310,56),0,-1;4,(362,493),(314,422),0,-1;14,(216,376),(362,493),(346,-14),-1;14,(216,99),(346,-14),(362,493),-1
c	1,(285,493),0;2,(272,-14),0;4,(285,493),(296,445),0,-1;4,(272,-14),(311,65),1,-1
d	1,(485,733),5;1,(254,493),0;2,(239,-14),0;2,(561,0),0;4,(239,-14),(287,57),1,-1;14,(379,53),(239,-14),(254,493),-1;4,(379,53),(375,98),0,-1;14,(380,432),(254,493),(239,-14),-1;4,(380,432),(375,385),0,-1;4,(254,493),(288,423),1,-1;4,(485,733),(380,639),1,-1;4,(380,639),(302,688),0,-1;4,(561,0),(496,54),1,-1;4,(561,0),(561,41),0,-1
e	1,(280,493),0;2,(273,-14),0;4,(273,-14),(314,65),0,-1;14,(165,284),(280,493),(314,65),0;4,(165,284),(164,237),0,-1;4,(280,493),(273,445),0,-1
f	1,(334,743),5;1,(221,479),0;2,(33,0),0;4,(221,479),(223,418),1,-1;4,(223,418),(102,418),-1,-1;4,(221,479),(104,480),-1,-1;4,(104,480),(28,470),-1,-1;4,(334,743),(277,693),1,-1;4,(33,0),(225,56),1,-1;4,(33,0),(33,41),0,-1;4,(33,41),(309,41),-1,-1;4,(225,56),(100,54),-1,-1
g	8,(208,-24),0;1,(243,493),0;2,(237,-233),1;6,(243,168),(241,212),0;4,(237,-233),(246,-181),0,-1;4,(208,-24),(142,-18),-1,-1;4,(208,-24),(199,83),1,-1;4,(243,493),(244,449),0,-1
h	1,(384,493),0;1,(202,733),5;2,(29,0),0;2,(336,0),0;4,(29,0),(95,54),1,-1;4,(95,54),(217,53),-1,-1;4,(217,53),(400,54),-1,-1;4,(400,54),(522,53),-1,-1;4,(29,0),(29,41),0,-1;4,(29,41),(276,41),-1,-1;4,(276,41),(336,41),-1,-1;4,(336,41),(583,41),-1,-1;4,(384,493),(332,409),1,-1;14,(216,352),(384,493),(29,0),-1;4,(202,733),(96,639),1,-1;4,(96,639),(23,688),0,-1
i	1,(205,493),0;1,(158,729),5;2,(32,0),0;4,(205,493),(158,586),-2,-1;4,(32,0),(32,41),0,-1;4,(32,0),(98,54),1,-1;4,(205,493),(96,383),1,-1;4,(96,383),(25,430),0,-1;4,(98,54),(219,53),-1,-1;4,(32,41),(280,41),-1,-1
j	1,(202,493),0;1,(156,729),5;2,(8,-243),1;4,(202,493),(156,586),-2,-1;4,(202,493),(94,383),1,-1;4,(94,383),(24,430),0,-1;4,(8,-243),(71,-187),1,-1
k	1,(312,479),0;1,(205,733),5;2,(26,0),0;2,(402,0),0;4,(205,733),(96,639),1,-1;4,(96,639),(23,688),0,-1;14,(216,254),(26,0),(312,479),-1;4,(312,479),(383,422),0,-1;4,(383,422),(453,424),-1,-1;14,(352,325),(402,0),(312,479),-1;4,(26,0),(94,54),1,-1;4,(94,54),(218,53),-1,-1;4,(218,53),(505,55),-1,-1;4,(26,0),(26,41),0,-1;4,(26,41),(285,41),-1,-1;4,(285,41),(571,41),-1,-1;14,(268,244),(402,0),(312,479),-1;14,(216,193),(26,0),(312,479),-1
l	1,(205,733),5;2,(26,0),0;4,(205,733),(96,639),1,-1;4,(96,639),(23,688),0,-1;4,(26,0),(94,54),1,-1;4,(94,54),(218,54),-1,-1;4,(26,0),(26,41),0,-1;4,(26,41),(286,41),-1,-1
m	1,(384,493),0;1,(681,493),0;1,(194,493),0;2,(34,0),0;2,(335,0),0;2,(635,0),0;4,(635,0),(697,54),1,-1;4,(697,54),(818,53),-1,-1;4,(635,0),(635,41),0,-1;4,(635,41),(879,41),-1,-1;4,(681,493),(627,409),1,-1;4,(335,0),(399,54),1,-1;4,(399,54),(520,53),-1,-1;4,(335,0),(335,41),0,-1;4,(335,41),(580,41),-1,-1;4,(384,493),(330,409),1,-1;4,(34,0),(99,54),1,-1;4,(99,54),(222,53),-1,-1;4,(34,0),(34,41),0,-1;4,(34,41),(281,41),-1,-1;4,(194,493),(97,383),1,-1;4,(97,383),(27,430),0,-1
n	1,(387,493),0;1,(194,493),0;2,(34,0),0;2,(338,0),0;4,(34,0),(99,54),1,-1;4,(99,54),(222,53),-1,-1;4,(222,53),(402,54),-1,-1;4,(402,54),(524,53),-1,-1;4,(34,0),(34,41),0,-1;4,(34,41),(281,41),-1,-1;4,(281,41),(338,41),-1,-1;4,(338,41),(585,41),-1,-1;4,(387,493),(333,409),1,-1;14,(221,359),(194,493),(34,0),-1;4,(194,493),(97,383),1,-1;4,(97,383),(27,430),0,-1;14,(217,406),(194,493),(34,0),-1
o	1,(278,493),0;2,(278,-14),0;4,(278,-14),(278,35),0,-1;4,(278,493),(278,444),0,-1
p	1,(366,493),0;1,(195,493),0;2,(350,-14),0;2,(300,-233),1;4,(366,493),(319,422),1,-1;4,(350,-14),(312,56),1,-1;4,(195,493),(99,383),1,-1;4,(99,383),(29,430),0,-1;14,(216,421),(366,493),(350,-14),-1;14,(220,46),(350,-14),(366,493),-1;4,(300,-233),(100,-179),1,-1;4,(100,-179),(222,-177),-1,-1;4,(300,-233),(300,-192),0,-1;4,(300,-192),(32,-192),-1,-1
q	1,(255,493),0;1,(479,493),0;2,(239,-14),0;2,(300,-233),1;4,(239,-14),(287,57),1,-1;4,(255,493),(289,423),1,-1;4,(300,-233),(500,-179),1,-1;4,(300,-233),(300,-192),0,-1;4,(300,-192),(566,-192),-1,-1;4,(500,-179),(379,-177),-1,-1;14,(381,57),(239,-14),(255,493),-1;14,(386,429),(255,493),(239,-14),-1
r	1,(194,493),0;1,(360,493),0;2,(35,0),0;4,(35,0),(35,41),0,-1;4,(35,0),(99,53),1,-1;4,(194,493),(97,383),1,-1;4,(97,383),(27,430),0,-1;4,(360,493),(297,407),1,-1;4,(297,407),(374,361),-2,-1;14,(221,283),(360,493),(35,0),-1;4,(99,53),(222,57),-1,-1;4,(35,41),(304,41),-1,-1
s	1,(235,493),0;2,(202,-14),0;4,(202,-14),(203,36),0,-1;14,(304,104),(202,-14),(235,493),-1;4,(235,493),(233,443),0,-1;14,(149,380),(202,-14),(235,493),-1
t	8,(210,617),0;1,(91,480),0;1,(206,479),0;2,(211,-14),0;4,(211,-14),(258,52),0,-1;4,(91,480),(84,418),0,-1;4,(84,418),(205,418),-1,-1
u	1,(197,487),0;1,(497,487),0;2,(219,-14),0;2,(397,-9),0;2,(568,0),0;4,(197,487),(87,413),1,-1;4,(87,413),(22,466),1,-1;4,(219,-14),(272,69),1,-1;4,(497,487),(389,413),1,-1;4,(389,413),(326,464),1,-1;4,(397,-9),(507,54),1,-1;4,(568,0),(568,41),0,-1
v	1,(-4,479),0;1,(318,479),0;2,(229,-4),0;4,(-4,479),(48,428),1,-1;4,(-4,479),(-4,437),0,-1;4,(-4,437),(259,437),-1,-1;4,(48,428),(182,425),-1,-1;14,(291,134),(229,-4),(318,479),-1;4,(182,425),(391,424),-1,-1;4,(259,437),(318,437),-1,-1;4,(318,437),(508,437),-1,-1;4,(391,424),(452,425),-1,-1
w	1,(-4,479),0;1,(298,479),0;1,(585,479),0;2,(207,-4),0;2,(508,-4),0;4,(-4,479),(48,429),1,-1;4,(-4,479),(-4,437),0,-1;4,(-4,437),(241,437),-1,-1;4,(48,429),(173,427),-1,-1;14,(265,144),(207,-4),(298,479),-1;4,(173,427),(365,427),-1,-1;4,(241,437),(298,437),-1,-1;4,(298,437),(530,437),-1,-1;4,(365,427),(465,426),-1,-1;14,(563,147),(508,-4),(585,479),-1;4,(465,426),(651,426),-1,-1;4,(530,437),(585,437),-1,-1;4,(585,437),(768,437),-1,-1;4,(651,426),(713,427),-1,-1
x	1,(15,479),0;1,(332,479),0;2,(10,0),0;2,(264,0),0;4,(10,0),(10,41),0,-1;4,(10,41),(205,41),-1,-1;4,(10,0),(76,53),0,-1;14,(236,184),(264,0),(332,479),-1;4,(236,184),(209,225),-1,-1;4,(15,479),(78,427),1,-1;4,(15,479),(15,437),0,-1;4,(15,437),(266,437),-1,-1;4,(78,427),(214,428),-1,-1;14,(299,300),(332,479),(264,0),-1;4,(214,428),(389,426),-1,-1;4,(266,437),(332,437),-1,-1;4,(332,437),(513,437),-1,-1;4,(389,426),(455,426),-1,-1;4,(299,300),(325,259),-1,-1;4,(76,53),(142,53),-1,-1;4,(142,53),(324,51),-1,-1;4,(324,51),(462,53),-1,-1;4,(205,41),(264,41),-1,-1;4,(264,41),(528,41),-1,-1
y	1,(1,479),0;1,(329,479),0;2,(98,-243),1;4,(98,-243),(160,-169),1,-1;14,(242,-32),(98,-243),(1,479),-1;4,(1,479),(52,431),0,-1;4,(1,479),(1,439),0,-1;4,(1,439),(263,439),-1,-1;4,(52,431),(184,428),-1,-1;4,(242,-32),(296,121),-2,-1;4,(329,479),(405,427),0,-1;4,(329,479),(329,439),0,-1;4,(329,439),(521,439),-1,-1;4,(405,427),(465,428),-1,-1
z	1,(428,479),0;2,(24,0),0;4,(428,479),(293,435),0,-1;4,(293,435),(428,442),-1,-1;4,(24,0),(163,44),0,-1;4,(163,44),(24,37),-1,-1
AE	1,(280,663),4;2,(351,0),0;2,(229,0),0;4,(351,0),(351,47),0,-1;4,(351,47),(229,47),-1,-1;4,(229,47),(7,47),-1,-1;4,(351,0),(564,53),1,-1;4,(564,53),(430,56),-1,-1;4,(430,56),(147,60),-1,-1;4,(147,60),(82,57),-1,-1;4,(280,663),(564,610),1,-1;4,(564,610),(432,601),-1,-1;4,(432,601),(365,605),-1,-1;4,(280,663),(280,616),0,-1;14,(562,314),(229,0),(280,663),-1;4,(562,314),(562,367),0,-1;14,(432,246),(229,0),(280,663),-1;4,(432,246),(432,299),0,-1
Hbar	1,(39,663),4;1,(439,663),4;2,(39,0),0;2,(439,0),0;6,(523,454),(523,506),1;6,(523,290),(523,343),1;4,(523,454),(124,454),-1,-1;4,(523,506),(26,506),-1,-1;4,(39,663),(122,607),1,-1;4,(39,663),(39,616),0,-1;4,(39,616),(337,616),-1,-1;4,(122,607),(255,607),-1,-1;4,(439,663),(521,607),1,-1;4,(439,663),(439,616),0,-1;4,(439,616),(737,616),-1,-1;4,(521,607),(654,607),-1,-1;4,(523,506),(652,506),-1,-1;4,(523,454),(750,454),-1,-1;4,(439,0),(521,56),1,-1;4,(521,56),(654,56),-1,-1;4,(439,0),(439,47),0,-1;4,(439,47),(737,47),-1,-1;4,(39,0),(122,56),1,-1;4,(122,56),(255,56),-1,-1;4,(39,0),(39,47),0,-1;4,(39,47),(337,47),-1,-1
Lslash	1,(39,663),4;2,(39,0),0;14,(254,313),(39,0),(39,663),-1;4,(39,0),(123,56),1,-1;4,(123,56),(256,54),-1,-1;4,(39,0),(39,47),0,-1;4,(254,313),(125,248),-1,-1;4,(254,313),(254,383),1,-1;4,(254,383),(125,318),-1,-1;4,(39,663),(123,607),1,-1;4,(39,663),(39,616),0,-1;4,(39,616),(344,616),-1,-1;4,(123,607),(256,606),-1,-1
Oslash	1,(600,691),4;1,(353,680),4;2,(99,-27),0;2,(353,-17),0;4,(353,-17),(353,37),0,-1;4,(353,680),(353,627),0,-1;14,(197,194),(353,37),(353,627),-1;14,(506,475),(353,627),(353,37),-1
OE	1,(519,663),4;1,(386,680),4;2,(386,-17),0;2,(519,0),0;6,(589,314),(589,367),0;4,(386,-17),(396,37),0,-1;4,(519,0),(591,53),0,-1;4,(591,53),(457,42),-1,-1;4,(519,663),(591,610),0,-1;4,(591,610),(457,621),-1,-1;4,(386,680),(397,627),0,-1
Germandbls	1,(412,680),4;2,(495,-17),0;2,(39,0),0;6,(599,634),(599,602),0;4,(39,0),(39,46),0,-1;4,(39,0),(123,55),1,-1;14,(512,474),(412,680),(495,-17),-1;4,(495,-17),(480,35),0,-1;14,(574,132),(495,-17),(412,680),-1;14,(534,613),(599,634),(599,602),-1;4,(412,680),(423,625),0,-1
Uogonek	1,(34,663),4;1,(459,663),4;2,(368,-17),0;6,(450,-223),(499,-154),-2;4,(34,663),(34,616),0,-1;4,(34,616),(338,616),-1,-1;4,(34,663),(112,608),1,-1;4,(112,608),(246,606),-1,-1;4,(368,-17),(396,64),0,-1;4,(246,606),(556,606),-1,-1;4,(338,616),(459,616),-1,-1;4,(459,616),(699,616),-1,-1;4,(556,606),(614,606),-1,-1;14,(496,14),(396,64),(368,-17),-1
Uhorn	1,(34,663),4;1,(459,663),4;2,(363,-17),0;4,(363,-17),(398,64),1,-1;4,(459,663),(556,605),1,-1;4,(459,663),(459,616),0,-1;4,(34,663),(112,608),1,-1;4,(34,663),(34,616),0,-1;4,(112,608),(246,606),-1,-1
Eth	1,(39,663),4;2,(39,0),0;14,(254,366),(39,0),(39,663),-1;4,(254,366),(254,314),0,-1;4,(39,0),(123,56),1,-1;4,(123,56),(256,52),-1,-1;4,(39,663),(123,607),1,-1;4,(123,607),(256,612),-1,-1;4,(39,0),(39,47),0,-1;4,(254,314),(125,314),-1,-1;4,(254,366),(125,366),-1,-1;4,(39,663),(39,616),0,-1
Thorn	1,(39,663),4;2,(39,0),0;4,(39,663),(123,607),1,-1;4,(39,663),(39,616),0,-1;4,(39,616),(345,616),-1,-1;4,(123,607),(254,606),-1,-1;14,(253,535),(39,663),(39,0),-1;14,(253,147),(39,0),(39,663),-1;4,(39,0),(123,56),1,-1;4,(123,56),(254,57),-1,-1;4,(39,0),(39,47),0,-1;4,(39,47),(345,47),-1,-1;4,(253,147),(252,200),0,-1;4,(253,535),(253,483),0,-1
Schwa	1,(312,680),4;2,(329,-17),0;6,(481,313),(480,365),1;4,(312,680),(289,615),1,-1;4,(329,-17),(331,37),0,-1
aogonek	1,(264,493),0;2,(171,-14),0;2,(413,-13),0;6,(425,-223),(477,-154),1;14,(313,258),(171,-14),(264,493),-1;4,(313,258),(313,298),0,-1;4,(264,493),(225,445),0,-1;14,(109,313),(171,-14),(264,493),-1;4,(413,-13),(458,49),1,-1
ae	1,(551,493),0;1,(264,493),0;2,(175,-14),0;2,(544,-14),0;6,(436,237),(437,284),0;4,(175,-14),(227,59),1,-1;4,(436,237),(310,256),-1,-1;4,(437,284),(313,297),-1,-1;4,(264,493),(227,445),0,-1;14,(109,313),(175,-14),(264,493),-1;4,(544,-14),(585,65),1,-1;4,(551,493),(543,445),0,-1
dcroat	1,(485,733),5;1,(251,479),0;2,(239,-14),0;2,(387,-11),0;2,(561,0),0;6,(380,531),(380,583),0;4,(485,733),(380,639),1,-1;4,(380,639),(302,688),0,-1;4,(380,583),(496,583),-1,-1;4,(380,531),(496,531),-1,-1;4,(561,0),(561,41),0,-1;4,(561,41),(496,54),-1,-1;4,(239,-14),(287,57),1,-1;14,(375,98),(239,-14),(251,479),-1;14,(375,371),(251,479),(239,-14),-1;4,(251,479),(290,409),1,-1
eogonek	1,(280,493),0;2,(273,-14),0;6,(345,-223),(397,-154),1;6,(164,237),(165,284),0;4,(273,-14),(314,65),1,-1;4,(280,493),(272,445),0,-1
hbar	8,(384,469),0;1,(202,733),5;2,(29,0),0;2,(336,0),0;6,(213,583),(213,531),0;4,(213,583),(96,583),-1,-1;4,(202,733),(96,639),1,-1;4,(96,639),(23,688),0,-1;14,(216,328),(29,0),(202,733),-1;4,(216,328),(213,380),0,-1;4,(336,0),(400,54),1,-1;4,(400,54),(522,53),-1,-1;4,(336,0),(336,41),0,-1;4,(336,41),(583,41),-1,-1;4,(384,469),(332,385),1,-1;4,(29,0),(95,54),1,-1;4,(95,54),(217,53),-1,-1;4,(29,0),(29,41),0,-1;4,(29,41),(276,41),-1,-1;4,(213,531),(96,531),-1,-1
dotlessi	1,(206,493),0;2,(32,0),0;4,(32,0),(98,54),0,-1;4,(206,493),(96,383),1,-1;4,(96,383),(25,430),0,-1;4,(98,54),(220,53),-1,-1
dotlessj	1,(203,493),0;2,(15,-243),1;4,(203,493),(94,383),1,-1;4,(94,383),(24,430),0,-1;4,(15,-243),(67,-182),1,-1
kgreenlandic	1,(317,479),0;1,(208,493),0;2,(34,0),0;2,(576,0),0;4,(34,0),(34,41),0,-1;4,(34,0),(99,54),1,-1;4,(208,493),(97,383),1,-1;4,(97,383),(27,430),0,-1;14,(221,193),(34,0),(208,493),-1;4,(221,193),(221,254),1,-1;4,(317,479),(388,422),1,-1;4,(317,479),(317,437),0,-1;4,(317,437),(550,437),-1,-1;4,(388,422),(457,424),-1,-1;4,(576,0),(576,41),0,-1;4,(99,54),(222,53),-1,-1;4,(34,41),(281,41),-1,-1
ldot	1,(205,733),5;2,(26,0),0;6,(347,250),(347,393),-1;4,(205,733),(96,639),1,-1;4,(96,639),(23,688),0,-1;4,(26,0),(94,54),0,-1;4,(94,54),(218,54),-1,-1
lslash	1,(205,733),5;2,(26,0),0;4,(26,0),(26,41),0,-1;4,(205,733),(96,639),1,-1;4,(96,639),(23,688),0,-1
ohorn	1,(278,493),0;2,(278,-14),0;4,(278,-14),(278,35),0,-1;4,(278,493),(278,444),0,-1
oslash	1,(278,493),0;2,(278,-14),0;14,(191,95),(278,-14),(278,493),-1;4,(191,95),(174,154),0,-1;14,(363,389),(278,493),(278,-14),-1;4,(278,493),(278,444),0,-1;4,(278,-14),(278,35),0,-1;4,(363,389),(381,331),0,-1
oe	1,(278,493),0;1,(629,493),0;2,(278,-14),0;2,(622,-14),0;6,(514,237),(515,284),0;4,(278,493),(278,444),0,-1;4,(278,-14),(278,35),0,-1;14,(451,67),(278,-14),(278,493),-1;14,(455,408),(278,-14),(278,493),-1;4,(622,-14),(663,65),1,-1;4,(629,493),(621,445),0,-1
longs	1,(327,743),5;2,(26,0),0;4,(327,743),(270,694),1,-1;4,(26,0),(94,54),1,-1;4,(94,54),(218,57),-1,-1;4,(26,0),(26,41),0,-1;4,(26,41),(302,41),-1,-1
germandbls	1,(356,743),5;2,(418,-14),0;2,(26,0),0;14,(462,470),(356,743),(418,-14),-1;14,(485,303),(418,-14),(356,743),-1;4,(418,-14),(412,36),0,-1;14,(415,206),(418,-14),(356,743),-1;14,(380,476),(356,743),(418,-14),-1;4,(356,743),(342,694),0,-1;4,(26,0),(26,41),0,-1;4,(26,0),(94,54),1,-1
uogonek	1,(497,487),0;1,(197,487),0;2,(219,-14),0;2,(568,0),0;2,(467,-5),0;2,(397,-9),0;2,(511,-3),0;6,(476,-223),(528,-154),1;14,(389,78),(219,-14),(497,487),-1;4,(197,487),(22,427),1,-1;4,(22,427),(87,413),-1,-1;4,(219,-14),(272,69),1,-1;4,(497,487),(326,427),1,-1;4,(326,427),(389,413),-1,-1;4,(568,0),(507,54),1,-1;4,(507,54),(568,41),-1,-1
uhorn	1,(197,487),0;1,(497,487),0;2,(219,-14),0;2,(397,-9),0;2,(568,0),0;4,(197,487),(87,413),1,-1;4,(87,413),(22,466),1,-1;4,(219,-14),(272,69),1,-1;4,(497,487),(389,413),1,-1;4,(389,413),(326,464),1,-1;4,(397,-9),(507,54),1,-1;4,(568,0),(568,41),0,-1
eth	1,(158,743),5;1,(269,479),0;2,(265,-14),0;6,(287,585),(249,623),0;14,(362,451),(265,-14),(158,743),-1;4,(158,743),(135,701),0,-1;4,(249,623),(317,657),-1,-1;4,(287,585),(360,621),-1,-1;4,(265,-14),(275,35),0,-1;4,(269,479),(275,430),0,-1
thorn	1,(347,493),0;1,(190,733),5;2,(331,-14),0;2,(13,-233),1;4,(347,493),(298,422),0,-1;14,(204,378),(347,493),(331,-14),-1;14,(204,96),(331,-14),(347,493),-1;4,(331,-14),(295,56),0,-1;4,(13,-233),(81,-179),0,-1;4,(190,733),(83,640),1,-1;4,(83,640),(11,688),0,-1;4,(81,-179),(203,-177),-1,-1
schwa	1,(250,493),0;2,(254,-14),0;6,(357,218),(354,265),0;4,(250,493),(211,413),1,-1;4,(254,-14),(249,34),0,-1
f_i	1,(28,470),0;1,(522,493),0;1,(104,480),0;1,(538,483),0;1,(376,743),5;1,(222,479),0;2,(596,0),0;2,(299,0),0;4,(299,0),(225,55),1,-1;4,(225,55),(299,41),-1,-1;4,(299,41),(33,41),-1,-1;4,(225,55),(100,54),-1,-1;4,(222,479),(223,418),1,-1;4,(223,418),(102,418),-1,-1;4,(102,418),(28,418),-1,-1;4,(376,743),(355,706),0,-1;4,(596,0),(536,53),1,-1;4,(536,53),(596,41),-1,-1;4,(596,41),(348,41),-1,-1;4,(536,53),(413,54),-1,-1;4,(522,493),(411,418),1,-1
f_l	1,(28,470),0;1,(349,743),5;1,(521,733),5;1,(221,479),0;1,(104,480),0;2,(33,0),0;2,(344,0),0;4,(33,0),(100,54),1,-1;4,(100,54),(33,41),-1,-1;4,(104,480),(102,418),1,-1;4,(100,54),(225,56),-1,-1;4,(225,56),(410,54),-1,-1;4,(410,54),(534,54),-1,-1;4,(33,41),(303,41),-1,-1;4,(303,41),(344,41),-1,-1;4,(344,41),(600,41),-1,-1;4,(349,743),(302,695),0,-1;4,(221,479),(223,418),1,-1
f_t	1,(334,743),5;1,(221,479),0;1,(527,479),0;1,(104,480),0;2,(33,0),0;2,(533,-14),0;4,(221,479),(223,418),1,-1;4,(33,0),(100,54),1,-1;4,(100,54),(225,56),-1,-1;4,(225,56),(309,41),-1,-1;4,(100,54),(33,41),-1,-1;4,(104,480),(102,418),1,-1;4,(104,480),(28,470),-1,-1;4,(334,743),(277,693),1,-1;4,(527,479),(526,418),1,-1;4,(533,-14),(579,52),1,-1
ampersand	1,(283,677),4;2,(233,-14),0;2,(591,-14),0;2,(677,-2),0;6,(473,428),(473,385),0;14,(201,334),(233,-14),(283,677),-1;4,(201,334),(177,363),-1,-1;4,(201,334),(297,382),-1,-1;4,(473,428),(551,372),1,-1;4,(473,385),(685,385),-1,-1;4,(551,372),(612,373),-1,-1;4,(591,-14),(684,54),0,-1;4,(177,363),(272,411),-1,-1;4,(283,677),(282,639),0,-1;4,(233,-14),(280,60),1,-1;14,(400,98),(233,-14),(201,334),-1
zero	1,(261,653),3;2,(261,-14),0;4,(261,-14),(261,35),0,-1;4,(261,653),(261,604),0,-1
one	1,(318,648),3;2,(74,0),0;4,(318,648),(207,555),1,-1;4,(207,555),(91,594),-1,-1;4,(74,0),(206,66),0,-1;4,(206,66),(329,67),-1,-1;4,(74,0),(74,41),0,-1;4,(74,41),(459,41),-1,-1;4,(91,594),(91,545),0,-1
zero.slash	1,(260,653),3;2,(260,-14),0;4,(260,653),(260,604),0,-1;4,(260,-14),(260,35),0,-1;14,(348,487),(260,604),(260,35),-1;14,(171,147),(260,35),(260,604),-1
zero.lf	1,(258,653),3;2,(258,-14),0;4,(258,-14),(257,35),0,-1;4,(258,653),(257,604),0,-1
one.lf	1,(267,649),3;2,(44,0),0;4,(267,649),(155,555),1,-1;4,(155,555),(47,595),-1,-1;4,(44,0),(154,62),0,-1;4,(154,62),(278,62),-1,-1;4,(44,0),(44,41),0,-1;4,(44,41),(385,41),-1,-1;4,(47,595),(47,546),0,-1
two.lf	1,(262,653),3;2,(479,0),0;4,(479,0),(142,102),-2,-1;4,(142,102),(50,77),-1,-1;4,(262,653),(222,604),0,-1
three.lf	1,(247,653),3;2,(235,-14),0;6,(164,308),(164,361),1;4,(247,653),(219,604),0,-1;14,(317,337),(164,361),(164,308),-1;4,(235,-14),(205,35),0,-1
four.lf	1,(319,644),3;2,(291,0),0;6,(291,165),(291,250),1;4,(291,165),(402,165),-1,-1;4,(291,250),(97,250),-1,-1;4,(97,250),(25,236),-1,-1;4,(291,250),(402,250),-1,-1;14,(291,523),(319,644),(291,0),-1
five.lf	1,(112,639),3;2,(231,-14),0;6,(212,332),(246,398),1;4,(231,-14),(214,35),0,-1;4,(112,639),(161,537),-2,-1
six.lf	1,(446,653),3;2,(273,-14),0;6,(267,331),(307,395),1;4,(446,653),(452,612),1,-1;4,(273,-14),(274,35),0,-1;14,(163,288),(446,653),(273,-14),-1
seven.lf	1,(461,639),3;2,(225,0),0;4,(461,639),(379,537),-2,-1;4,(379,537),(461,575),-1,-1
eight.lf	1,(264,653),3;2,(254,-14),0;14,(181,303),(254,-14),(264,653),-1;14,(330,353),(254,-14),(264,653),-1;4,(330,353),(288,373),-1,-1;4,(264,653),(261,604),0,-1;4,(254,-14),(261,34),0,-1;4,(181,303),(223,283),-1,-1
nine.lf	1,(259,653),3;2,(99,-20),0;4,(99,-20),(89,24),0,-1;14,(231,249),(99,-20),(259,653),-1;4,(231,249),(272,312),1,-1;4,(259,653),(258,604),0,-1
zero.lfslash	1,(258,653),3;2,(258,-14),0;4,(258,653),(257,604),0,-1;4,(258,-14),(257,35),0,-1;14,(343,483),(257,604),(257,35),-1;14,(172,153),(257,35),(257,604),-1
zero.tosf	1,(261,537),1;2,(261,-14),0;4,(261,-14),(261,35),0,-1;4,(261,537),(261,488),0,-1
one.tosf	1,(313,533),1;2,(66,0),0;4,(313,533),(203,438),1,-1;4,(203,438),(74,477),-1,-1;4,(66,0),(202,66),0,-1;4,(202,66),(326,66),-1,-1;4,(66,0),(66,41),0,-1;4,(66,41),(459,41),-1,-1;4,(74,477),(74,426),0,-1
zero.osf	1,(274,537),1;2,(274,-14),0;4,(274,-14),(274,35),0,-1;4,(274,537),(274,488),0,-1
one.osf	1,(275,533),1;2,(56,0),0;4,(275,533),(166,438),1,-1;4,(166,438),(50,478),-1,-1;4,(56,0),(165,63),0,-1;4,(165,63),(288,62),-1,-1;4,(56,0),(56,41),0,-1;4,(56,41),(393,41),-1,-1;4,(50,478),(50,429),0,-1
two.osf	1,(262,537),1;2,(50,0),0;4,(50,0),(157,102),1,-1;4,(157,102),(50,77),-1,-1;4,(262,537),(225,488),0,-1
zero.cap	1,(261,677),4;2,(261,-14),0;4,(261,-14),(261,35),0,-1;4,(261,677),(261,629),0,-1
one.cap	1,(318,673),4;2,(74,0),0;4,(318,673),(207,580),1,-1;4,(207,580),(91,619),-1,-1;4,(74,0),(206,66),0,-1;4,(206,66),(329,67),-1,-1;4,(74,0),(74,41),0,-1;4,(74,41),(459,41),-1,-1;4,(91,619),(91,570),0,-1
two.cap	1,(263,677),4;2,(479,0),0;4,(479,0),(141,102),-2,-1;4,(141,102),(51,77),-1,-1;4,(263,677),(223,629),0,-1
three.cap	1,(258,677),4;2,(247,-14),0;6,(176,320),(176,373),1;4,(258,677),(231,629),0,-1;14,(326,349),(176,373),(176,320),-1;4,(247,-14),(217,35),0,-1
four.cap	1,(317,670),4;2,(289,0),0;6,(289,178),(289,264),1;4,(289,178),(400,178),-1,-1;4,(289,264),(94,264),-1,-1;4,(94,264),(23,249),-1,-1;4,(289,264),(400,264),-1,-1;14,(289,548),(317,670),(289,0),-1
five.cap	1,(118,663),4;2,(237,-14),0;6,(214,346),(252,412),1;4,(237,-14),(216,35),0,-1;4,(118,663),(169,561),-2,-1
six.cap	1,(441,677),4;2,(268,-14),0;6,(262,344),(302,408),1;4,(441,677),(447,637),1,-1;14,(158,301),(441,677),(268,-14),-1;4,(158,301),(161,348),0,-1;4,(268,-14),(269,35),0,-1
seven.cap	1,(482,663),4;2,(245,0),0;4,(482,663),(399,561),-2,-1;4,(399,561),(482,600),-1,-1
eight.cap	1,(264,677),4;2,(254,-14),0;14,(223,295),(254,-14),(264,677),-1;4,(223,295),(181,315),-1,-1;14,(287,385),(264,677),(254,-14),-1;4,(287,385),(330,365),-1,-1;4,(264,677),(261,629),0,-1;4,(254,-14),(261,34),0,-1
nine.cap	1,(253,677),4;2,(93,-18),0;6,(225,261),(266,324),1;4,(93,-18),(83,26),0,-1;14,(348,302),(93,-18),(253,677),-1;4,(348,302),(354,353),1,-1;4,(253,677),(252,629),0,-1
period	2,(150,-14),0;4,(150,-14),(150,147),-2,-1
comma	2,(116,-5),0;4,(116,-5),(144,147),-2,-1
exclam	1,(158,676),4;2,(158,-14),0;4,(158,-14),(158,142),-2,-1;4,(158,142),(136,231),-2,-1
question	1,(133,680),4;2,(160,-14),0;6,(227,311),(185,403),1;4,(160,-14),(160,142),-2,-1;4,(160,142),(181,220),1,-1;4,(133,680),(150,552),1,-1
trademark	8,(563,368),0;1,(27,663),4;1,(331,663),4;1,(601,663),4;14,(521,477),(563,368),(601,663),-1;4,(27,663),(72,633),0,-1;4,(72,633),(203,633),-1,-1;4,(203,633),(331,633),-1,-1;4,(331,633),(678,630),-1,-1;4,(563,368),(507,368),-1,-1;4,(507,368),(436,368),-1,-1;4,(436,368),(241,368),-1,-1
servicemark	8,(517,368),0;1,(149,671),4;1,(285,663),4;1,(555,663),4;14,(475,477),(517,368),(555,663),-1;4,(149,671),(152,645),0,-1;4,(152,645),(285,633),-1,-1;4,(285,633),(633,630),-1,-1;4,(517,368),(461,368),-1,-1;4,(461,368),(390,368),-1,-1;4,(390,368),(133,360),-1,-1;4,(133,360),(130,386),0,-1;14,(181,426),(133,360),(149,671),-1;14,(106,607),(149,671),(133,360),-1
at	1,(471,476),0;1,(492,652),3;6,(404,-156),(423,-100),0;6,(346,41),(396,114),1;4,(471,476),(469,419),0,-1;4,(492,652),(484,597),0,-1;4,(346,41),(603,41),-1,-1;4,(396,114),(621,94),-1,-1
at.cap	6,(346,112),(396,185),1;6,(469,490),(471,547),0;6,(492,723),(484,668),0;6,(404,-85),(423,-29),0;4,(346,112),(603,112),-1,-1;4,(396,185),(621,165),-1,-1
zero.sups	8,(186,410),0;8,(186,821),0;4,(186,410),(186,443),0,-1;4,(186,821),(186,787),0,-1
one.sups	8,(65,419),0;8,(229,820),0;4,(229,820),(150,753),1,-1;4,(150,753),(76,784),-1,-1;4,(65,419),(150,465),1,-1;4,(150,465),(238,465),-1,-1;4,(65,419),(65,449),0,-1;4,(65,449),(319,449),-1,-1;4,(76,784),(76,746),0,-1
two.sups	8,(49,419),0;8,(192,821),0;4,(49,419),(128,496),1,-1;4,(128,496),(49,472),-1,-1;4,(192,821),(156,787),0,-1
three.sups	8,(183,821),0;8,(178,409),0;6,(127,604),(127,643),0;4,(183,821),(159,787),0,-1;14,(234,626),(127,643),(127,604),-1;4,(178,409),(151,442),0,-1
four.sups	8,(197,419),0;8,(216,816),0;6,(197,578),(197,514),1;4,(197,578),(82,578),-1,-1;4,(82,578),(29,566),-1,-1;4,(197,578),(276,578),-1,-1;4,(197,514),(276,514),-1,-1;14,(197,737),(216,816),(197,419),-1
five.sups	8,(173,409),0;8,(92,811),0;6,(156,622),(180,667),0;4,(173,409),(161,442),0,-1;4,(92,811),(125,735),1,-1
six.sups	8,(197,409),0;8,(303,823),0;6,(192,619),(219,662),0;4,(303,823),(307,793),0,-1;4,(197,409),(197,442),0,-1
seven.sups	8,(329,811),0;8,(178,419),0;4,(329,811),(266,734),1,-1;4,(266,734),(329,767),-1,-1
eight.sups	8,(181,409),0;8,(191,821),0;14,(159,590),(181,409),(191,821),-1;4,(159,590),(128,604),-1,-1;14,(209,654),(181,409),(191,821),-1;4,(209,654),(241,639),-1,-1;4,(191,821),(188,789),0,-1;4,(181,409),(186,441),0,-1
nine.sups	8,(181,821),0;8,(83,409),0;4,(83,409),(76,439),0,-1;4,(181,821),(181,788),0,-1;14,(163,572),(83,409),(181,788),-1;4,(163,572),(192,614),0,-1
a.sups	8,(114,409),0;1,(179,743),5;6,(211,588),(211,615),-2;4,(114,409),(153,458),0,-1;4,(153,458),(310,452),-1,0;4,(114,409),(282,411),-1,0;4,(179,743),(151,711),0,-1;14,(74,624),(114,409),(179,743),-1
b.sups	8,(134,889),0;8,(234,409),0;1,(245,743),5;4,(234,409),(213,457),0,-1;14,(142,451),(234,409),(213,457),-1;4,(234,409),(134,409),-1,0;4,(213,457),(64,455),-1,0;4,(134,889),(64,826),1,-1;4,(64,826),(14,859),0,-1;4,(245,743),(217,694),0,-1
c.sups	8,(184,409),0;1,(195,743),5;4,(195,743),(203,709),0,-1;4,(184,409),(209,463),1,-1
d.sups	8,(326,889),0;8,(159,409),0;1,(169,743),5;6,(381,419),(337,455),0;4,(159,409),(191,457),0,-1;4,(169,743),(192,695),0,-1;4,(159,409),(263,412),-1,0;4,(326,889),(254,825),1,-1;4,(254,825),(203,859),0,-1
e.sups	8,(187,409),0;1,(190,743),5;6,(111,573),(112,605),0;4,(187,409),(211,463),1,-1;4,(190,743),(186,709),0,-1
f.sups	8,(224,902),0;8,(20,419),0;1,(147,731),5;1,(18,726),5;1,(67,732),5;4,(20,419),(205,449),0,-1;4,(205,449),(20,449),-1,-1;4,(20,419),(66,457),0,-1;4,(147,731),(228,688),0,-1;4,(228,688),(66,688),-1,-1;4,(66,688),(18,688),-1,-1;4,(224,902),(190,870),0,-1;4,(66,457),(148,459),-1,-1
g.sups	1,(165,742),5;1,(338,742),5;1,(147,476),0;1,(37,473),0;6,(159,267),(165,303),0;6,(284,689),(262,715),0;6,(165,531),(164,560),0;4,(147,476),(145,398),1,-1;4,(338,742),(348,689),0,-1;14,(74,414),(147,476),(145,398),-1;14,(85,547),(165,531),(164,560),-1;4,(165,742),(165,714),0,-1
h.sups	8,(136,889),0;8,(20,419),0;1,(259,743),5;4,(20,419),(64,457),0,-1;4,(64,457),(147,457),-1,-1;4,(147,457),(271,457),-1,-1;4,(271,457),(353,457),-1,-1;4,(20,419),(20,449),0,-1;4,(20,449),(187,449),-1,-1;4,(187,449),(228,449),-1,-1;4,(228,449),(395,449),-1,-1;4,(20,419),(228,419),-1,-1;4,(259,743),(225,686),1,-1;4,(136,889),(64,825),1,-1;4,(64,825),(14,859),0,-1
i.sups	8,(190,419),0;1,(138,743),5;4,(138,743),(108,800),1,-1;4,(108,800),(108,896),-2,-1;4,(190,419),(190,449),0,-1;4,(190,449),(22,449),-1,-1;4,(190,419),(149,457),0,-1;4,(149,457),(66,457),-1,-1;4,(138,743),(66,668),1,-1;4,(66,668),(18,701),0,-1
j.sups	8,(10,261),0;1,(137,742),5;4,(137,742),(106,800),1,-1;4,(106,800),(106,896),1,-1;4,(137,742),(65,670),1,-1;4,(65,670),(16,701),0,-1;4,(10,261),(44,303),0,-1
k.sups	8,(378,419),0;8,(136,889),0;1,(212,731),5;4,(136,889),(64,825),1,-1;4,(64,825),(14,859),0,-1;14,(147,539),(378,419),(136,889),-1;4,(147,539),(147,580),0,-1;4,(212,731),(260,694),0,-1;4,(260,694),(368,701),-1,0;4,(368,701),(305,694),-1,0;4,(147,539),(181,572),-1,-1;4,(181,572),(236,626),-1,-1;4,(378,419),(333,458),0,-1;4,(378,419),(378,449),0,-1;4,(333,458),(147,457),-1,-1;4,(378,449),(191,449),-1,-1;4,(378,419),(191,419),-1,-1;4,(378,449),(19,449),-1,-1;4,(147,457),(64,457),-1,-1
l.sups	8,(191,419),0;8,(136,889),0;4,(136,889),(64,825),1,-1;4,(64,825),(14,859),0,-1;4,(191,419),(147,457),0,-1;4,(191,419),(191,449),0,-1;4,(191,449),(19,449),-1,-1;4,(147,457),(64,457),-1,-1
m.sups	8,(597,419),0;1,(259,743),5;1,(461,743),5;1,(132,743),5;4,(597,419),(555,457),0,-1;4,(597,419),(597,449),0,-1;4,(597,449),(431,449),-1,-1;4,(555,457),(474,457),-1,-1;4,(461,743),(428,686),1,-1;4,(474,457),(353,457),-1,-1;4,(431,449),(394,449),-1,-1;4,(597,419),(394,419),-1,-1;4,(394,449),(229,449),-1,-1;4,(353,457),(272,457),-1,-1;4,(428,686),(228,686),-1,-1;4,(272,457),(151,457),-1,-1;4,(229,449),(191,449),-1,-1;4,(394,419),(191,419),-1,-1;4,(191,449),(25,449),-1,-1;4,(151,457),(69,457),-1,-1;4,(132,743),(69,668),1,-1;4,(69,668),(19,701),0,-1
n.sups	8,(25,419),0;1,(262,743),5;1,(132,743),5;4,(25,419),(68,457),0,-1;4,(68,457),(151,457),-1,-1;4,(151,457),(274,457),-1,-1;4,(274,457),(356,457),-1,-1;4,(25,419),(25,449),0,-1;4,(25,449),(191,449),-1,-1;4,(191,449),(231,449),-1,-1;4,(231,449),(397,449),-1,-1;4,(25,419),(231,419),-1,-1;4,(262,743),(230,686),1,-1;4,(132,743),(68,668),1,-1;4,(68,668),(19,701),0,-1
o.sups	8,(189,409),0;1,(189,743),5;4,(189,743),(189,708),0,-1;4,(189,409),(189,443),0,-1
p.sups	8,(201,267),0;8,(238,409),0;1,(249,743),5;1,(130,743),5;4,(249,743),(219,694),0,-1;4,(238,409),(216,457),0,-1;4,(201,267),(201,297),0,-1;4,(201,297),(20,297),-1,-1;4,(201,267),(150,307),0,-1;4,(150,307),(67,306),-1,-1;4,(130,743),(67,668),1,-1;4,(67,668),(18,701),0,-1;14,(150,449),(238,409),(216,457),-1
q.sups	8,(385,267),0;8,(155,409),0;1,(340,737),5;1,(170,743),5;4,(155,409),(188,457),0,-1;4,(170,743),(189,695),0,-1;4,(385,267),(340,306),-2,-1;4,(385,267),(385,297),0,-1;4,(385,297),(205,297),-1,-1;4,(340,306),(257,307),-1,-1
r.sups	8,(206,419),0;1,(246,743),5;1,(132,743),5;4,(206,419),(206,449),0,-1;4,(206,449),(25,449),-1,-1;4,(206,419),(151,459),0,-1;4,(151,459),(68,457),-1,-1;4,(132,743),(68,668),1,-1;4,(68,668),(19,701),0,-1;4,(246,743),(249,654),1,-1
s.sups	8,(137,409),0;1,(159,743),5;4,(137,409),(140,444),0,-1;14,(207,486),(137,409),(159,743),-1;4,(159,743),(159,708),0,-1;14,(100,669),(159,743),(137,409),-1
t.sups	8,(139,412),0;1,(6,726),5;1,(137,731),5;1,(59,733),5;4,(139,412),(171,463),1,-1;4,(6,726),(54,688),0,-1;4,(54,688),(217,688),-1,-1
u.sups	8,(147,409),0;1,(333,737),5;1,(128,737),5;6,(381,419),(341,457),0;4,(147,409),(268,412),-1,0;4,(128,737),(53,691),1,-1;4,(53,691),(14,725),0,-1;4,(147,409),(180,466),1,-1;4,(53,691),(258,691),-1,-1;4,(14,725),(220,724),-1,-1;4,(381,419),(381,449),0,-1
v.sups	8,(158,413),0;1,(175,731),5;4,(175,731),(127,692),0,-1;4,(127,692),(36,693),-1,-1;4,(175,731),(175,701),0,-1;4,(175,701),(-2,701),-1,-1;14,(200,509),(158,413),(175,731),-1;4,(127,692),(267,694),-1,-1;4,(175,701),(218,701),-1,-1;4,(175,731),(218,731),-1,-1;4,(218,701),(348,701),-1,-1;4,(267,694),(307,694),-1,-1
w.sups	8,(143,413),0;1,(-2,731),5;4,(143,413),(347,413),-1,-1;4,(-2,731),(35,696),0,-1;4,(-2,731),(-2,701),0,-1;4,(-2,701),(165,701),-1,-1;4,(35,696),(121,696),-1,-1;14,(384,524),(347,413),(360,731),-1;4,(384,524),(183,524),-1,-1;4,(121,696),(248,695),-1,-1;4,(165,701),(204,701),-1,-1;4,(-2,731),(204,731),-1,-1;4,(204,701),(360,701),-1,-1;4,(248,695),(319,695),-1,-1;4,(319,695),(443,695),-1,-1;4,(360,701),(399,701),-1,-1;4,(204,731),(399,731),-1,-1;4,(399,701),(525,701),-1,-1;4,(443,695),(485,694),-1,-1
x.sups	8,(137,419),0;1,(218,731),5;1,(173,731),5;4,(137,419),(137,449),-2,-1;4,(137,449),(7,449),-1,-1;4,(137,419),(97,456),0,-1;4,(97,456),(54,456),-1,-1;14,(156,540),(137,419),(173,731),-1;4,(156,540),(138,567),-1,-1;4,(218,731),(255,695),0,-1;4,(255,695),(141,696),-1,-1;4,(141,696),(51,696),-1,-1;4,(218,731),(218,701),0,-1;4,(218,701),(173,701),-1,-1;4,(173,701),(10,701),-1,-1;4,(137,419),(176,419),-1,-1;14,(198,615),(218,731),(176,419),-1;4,(255,695),(297,694),-1,-1;4,(198,615),(216,589),-1,-1;4,(97,456),(213,455),-1,-1;4,(213,455),(306,457),-1,-1;4,(137,449),(176,449),-1,-1;4,(176,449),(350,449),-1,-1
y.sups	8,(65,264),0;1,(-5,731),5;1,(218,731),5;4,(65,264),(44,342),1,-1;14,(161,395),(65,264),(-5,731),-1;4,(-5,731),(35,693),0,-1;4,(-5,731),(-5,701),0,-1;4,(-5,701),(176,701),-1,-1;4,(35,693),(124,692),-1,-1;4,(161,395),(199,500),-1,-1;4,(124,692),(269,694),-1,-1;4,(176,701),(218,701),-1,-1;4,(218,701),(348,701),-1,-1;4,(269,694),(307,694),-1,-1
z.sups	8,(291,419),0;1,(25,731),5;4,(25,731),(198,701),0,-1;4,(198,701),(290,706),-1,-1;4,(291,419),(235,450),0,-1;4,(235,450),(16,444),-1,-1
egrave.sups	8,(187,409),0;1,(190,743),5;6,(111,573),(112,605),0;4,(190,743),(203,768),-2,-1;4,(187,409),(211,463),1,-1;4,(190,743),(186,709),0,-1
eacute.sups	8,(187,409),0;1,(190,743),5;6,(111,573),(112,605),0;4,(190,743),(169,768),-2,-1;4,(187,409),(211,463),1,-1;4,(190,743),(186,709),0,-1
dollar	1,(296,652),3;1,(245,652),3;2,(292,-12),0;2,(241,-14),0;14,(245,395),(296,652),(292,-12),-1;14,(292,248),(241,-14),(245,652),-1;4,(292,-12),(292,40),0,-1;4,(292,40),(241,36),-1,-1;4,(292,248),(241,268),-1,-1;4,(245,395),(296,377),-1,-1
sterling	1,(289,653),3;2,(40,0),0;14,(226,278),(40,0),(289,653),-1;4,(226,278),(221,331),1,-1;4,(221,331),(127,331),-1,-1;4,(289,653),(311,604),0,-1;4,(40,0),(148,102),1,-1;4,(148,102),(40,72),-1,-1;4,(226,278),(144,278),-1,-1
yen	1,(335,639),3;1,(-8,639),3;2,(104,0),0;4,(104,0),(199,56),1,-1;14,(180,322),(199,56),(335,639),0;4,(180,322),(201,269),1,-1;4,(201,269),(201,212),-2,-1;4,(-8,639),(51,587),0,-1;4,(-8,639),(-8,594),0,-1;4,(-8,594),(258,594),-1,-1;4,(51,587),(183,585),-1,-1;4,(180,322),(292,335),-1,-1;4,(183,585),(405,583),-1,-1;4,(335,639),(335,594),0,-1;4,(335,594),(529,594),-1,-1;4,(405,583),(464,582),-1,-1;4,(180,322),(340,322),-1,-1;4,(201,269),(319,269),-1,-1;4,(201,212),(319,212),-1,-1;4,(201,212),(201,158),1,-1;4,(201,158),(319,158),-1,-1;4,(199,56),(321,56),-1,-1;4,(104,0),(104,46),0,-1;4,(104,46),(417,46),-1,-1
florin	1,(417,653),3;6,(443,347),(443,401),1;6,(104,-102),(132,-58),0;4,(443,401),(216,401),-1,-1;4,(417,653),(390,609),0,-1;4,(443,347),(211,347),-1,-1
Euro	1,(333,653),3;2,(326,-14),0;6,(189,231),(184,285),1;4,(189,231),(71,231),-1,-1;4,(184,285),(65,285),-1,-1;4,(184,285),(184,352),-2,-1;4,(184,352),(65,352),-1,-1;4,(184,352),(188,405),1,-1;4,(188,405),(71,405),-1,-1;4,(333,653),(344,604),0,-1;4,(326,-14),(351,35),0,-1
rupeeindian	1,(52,639),3;2,(370,-12),0;2,(454,0),0;6,(52,276),(52,330),1;4,(52,639),(52,585),1,-1;4,(52,585),(52,494),-2,-1;4,(52,494),(52,440),0,-1;4,(52,585),(322,585),-1,-1;4,(52,494),(371,494),-1,-1;4,(52,440),(371,440),-1,-1;14,(233,300),(52,330),(52,276),-1;4,(370,-12),(454,45),1,-1
liraturkish	1,(25,639),3;2,(108,1),0;2,(236,-14),0;14,(232,268),(108,1),(25,639),-1;4,(232,268),(111,209),-1,-1;4,(232,268),(232,330),1,-1;4,(232,330),(111,271),-1,-1;4,(232,330),(232,396),-2,-1;4,(232,396),(111,336),-1,-1;4,(232,396),(232,457),1,-1;4,(232,457),(111,398),-1,-1;4,(25,639),(109,584),1,-1;4,(25,639),(25,593),0,-1;4,(25,593),(321,593),-1,-1;4,(109,584),(234,584),-1,-1;4,(236,-14),(254,36),0,-1
ruble	1,(28,639),3;2,(325,0),0;6,(16,258),(16,312),0;4,(28,639),(109,585),1,-1;4,(28,639),(28,596),0,-1;4,(16,258),(246,258),-1,-1;4,(16,258),(110,194),-2,-1;4,(110,194),(231,194),-1,-1;4,(110,194),(110,140),1,-1;4,(110,140),(231,140),-1,-1;4,(325,0),(233,56),1,-1;4,(325,0),(325,43),0,-1;4,(325,43),(28,43),-1,-1;4,(233,56),(109,54),-1,-1;4,(16,312),(231,312),-1,-1;4,(28,596),(233,592),-1,-1
arrowleft	6,(644,244),(644,332),1
arrowupleft	1,(124,525),1;4,(124,525),(201,451),1,-1
arrowup	2,(286,-26),0
arrowupright	1,(536,525),1;4,(536,525),(459,451),1,-1
arrowright	6,(16,244),(16,332),1
arrowdownright	6,(536,52),(459,126),1
arrowdown	2,(351,-26),0;4,(351,-26),(354,82),1,-1
arrowdownleft	6,(124,52),(201,126),1
circumflexcmb	8,(-24,748),0;4,(-24,748),(0,654),-2,-1
circumflexcmb.cap	8,(-25,865),0;4,(-25,865),(0,782),-2,-1
tildecmb	6,(68,573),(74,650),-2;4,(74,650),(-67,721),-1,-1;4,(68,573),(-74,644),-1,-1;14,(136,720),(-74,644),(-67,721),-1;14,(-136,574),(68,573),(74,650),-1
tildecmb.cap	6,(73,713),(79,790),-2;4,(79,790),(-71,861),-1,-1;4,(73,713),(-79,784),-1,-1;14,(145,860),(-79,784),(-71,861),-1;14,(-145,714),(73,713),(79,790),-1
macroncmb	6,(-144,592),(-144,667),-2
macroncmb.cap	6,(-156,744),(-156,820),-2
brevecmb	6,(0,571),(0,645),-2
brevecmb.cap	6,(0,720),(0,790),-2
dotaccentcmb	6,(0,580),(0,723),-2
dotaccentcmb.cap	6,(0,723),(0,866),-2
dieresiscmb	6,(112,586),(112,715),-2;4,(112,586),(-112,586),-1,-1;4,(112,715),(-112,715),-1,-1
dieresiscmb.cap	6,(-118,729),(-118,853),-2;4,(-118,729),(117,729),-1,-1;4,(-118,853),(117,853),-1,-1
ringcmb	6,(0,551),(0,597),-2;4,(0,597),(0,722),-2,-1;4,(0,722),(0,767),-2,-1
ringcmb.cap	6,(0,712),(0,752),-2;4,(0,752),(0,861),-2,-1;4,(0,861),(0,903),-2,-1
caroncmb	6,(40,568),(0,648),-2
caroncmb.cap	6,(40,718),(0,789),-2
cedillacmb	6,(20,-55),(-31,-87),-2;4,(-31,-87),(-19,-179),-2,-1;4,(-19,-179),(-8,-223),0,-1
ogonekcmb	6,(-9,-223),(40,-154),-2
Gamma	1,(39,663),4;2,(39,0),0;4,(39,0),(39,47),0,-1;4,(39,0),(123,56),1,-1;4,(39,663),(123,607),1,-1;4,(39,663),(39,616),0,-1;4,(123,607),(256,610),-1,-1;4,(123,56),(256,57),-1,-1;4,(39,47),(347,47),-1,-1
Delta	1,(283,667),4;2,(30,0),0;14,(283,543),(30,0),(283,667),-1;4,(30,0),(99,95),-2,-1
Lambda	1,(294,667),4;2,(654,0),0;2,(228,0),0;4,(654,0),(587,54),0,-1;4,(654,0),(654,47),1,-1;4,(654,47),(357,45),-1,-1;4,(587,54),(450,57),-1,0;14,(295,521),(5,0),(294,667),-1;4,(450,57),(138,59),-1,0;4,(357,45),(228,45),-1,-1;4,(228,45),(5,47),-1,-1;4,(138,59),(84,59),-1,0
Xi	1,(51,663),4;2,(538,0),0;6,(393,294),(393,382),0;4,(51,663),(532,476),-2,-1;4,(51,663),(457,565),-2,-1;4,(532,476),(104,476),-1,-1;4,(104,476),(44,476),-1,-1;4,(538,0),(31,187),-2,-1;4,(538,0),(105,99),-2,-1;4,(31,187),(485,187),-1,-1
Pi	1,(39,663),4;2,(39,0),0;2,(427,0),0;4,(39,663),(122,607),1,-1;4,(122,607),(255,608),-1,-1;4,(39,0),(122,56),1,-1;4,(122,56),(255,56),-2,-1;4,(39,0),(39,47),0,-1;4,(39,47),(337,47),-1,-1;4,(39,663),(39,616),0,-1;4,(39,616),(725,616),-1,-1;4,(255,608),(642,607),-1,-1;4,(427,0),(508,56),1,-1;4,(508,56),(642,56),-1,-1;4,(427,0),(427,47),0,-1;4,(427,47),(725,47),-1,-1
Sigma	1,(34,663),4;2,(514,0),0;4,(34,663),(167,610),1,-1;14,(233,325),(24,0),(34,663),-1;4,(233,325),(338,354),-1,-1;4,(514,0),(133,102),-2,-1;4,(34,663),(34,620),0,-1
Phi	1,(231,675),4;2,(231,-8),0;4,(231,675),(318,618),1,-1;4,(318,618),(319,563),-1,-1;4,(231,675),(231,628),0,-1;4,(231,628),(523,628),-1,-1;4,(318,618),(436,618),-1,-1;4,(319,563),(435,563),-1,-1;4,(231,-8),(318,49),1,-1;4,(318,49),(319,111),-1,-1;4,(319,111),(435,111),-1,-1;4,(318,49),(436,50),-1,-1;4,(231,-8),(231,39),0,-1;4,(231,39),(523,39),-1,-1;4,(435,111),(434,163),0,-1;4,(434,163),(320,163),-1,-1;4,(319,563),(320,511),0,-1;4,(320,511),(434,511),-1,-1
Psi	1,(4,663),4;1,(265,663),4;1,(793,663),4;2,(251,0),0;6,(338,247),(338,298),0;4,(4,663),(4,616),0,-1;4,(265,663),(336,607),1,-1;4,(265,663),(265,616),0,-1;4,(265,616),(532,616),-1,-1;4,(336,607),(462,607),-1,-1;4,(338,298),(460,298),-1,-1;4,(793,663),(793,616),0,-1;4,(338,247),(460,247),-1,-1;4,(251,0),(336,56),1,-1;4,(336,56),(462,56),-1,-1;4,(251,0),(251,47),0,-1;4,(251,47),(546,47),-1,-1
Omega	1,(367,680),4;2,(693,0),0;2,(324,0),0;4,(324,0),(324,82),-2,-1;4,(324,82),(242,92),-1,-1;4,(324,82),(411,82),-1,-1;4,(411,82),(493,92),-1,-1;4,(367,680),(367,627),0,-1
alpha	1,(251,493),0;1,(486,488),0;2,(234,-14),0;2,(467,-14),0;14,(374,411),(234,-14),(251,493),-1;4,(467,-14),(512,67),0,-1;14,(380,66),(234,-14),(251,493),-1;4,(234,-14),(266,49),0,-1;4,(251,493),(262,432),1,-1
beta	8,(84,-192),0;1,(308,733),5;2,(347,-14),0;6,(269,349),(257,417),1;4,(347,-14),(310,78),0,-1;4,(308,733),(296,684),1,-1;14,(340,381),(257,417),(269,349),-1;14,(183,73),(347,-14),(308,733),-1
gamma	8,(205,-192),0;1,(98,488),0;1,(426,493),0;1,(471,475),0;4,(98,488),(43,405),0,-1
delta	1,(271,733),5;2,(262,-14),0;14,(220,467),(262,-14),(271,733),-1;4,(271,733),(267,687),1,-1;4,(262,-14),(276,38),1,-1;4,(220,467),(258,438),-1,-1
epsilon	1,(254,493),0;2,(229,-14),0;6,(288,214),(283,292),0;14,(183,240),(288,214),(283,292),-1;4,(254,493),(228,449),1,-1;4,(283,292),(321,294),-1,0;4,(229,-14),(258,66),0,-1
zeta	8,(182,-198),0;1,(406,724),5;4,(182,-198),(176,-127),1,-1;4,(406,724),(321,640),1,-1
eta	8,(388,-192),0;1,(108,490),0;1,(362,493),0;2,(95,-12),0;4,(108,490),(62,409),0,-1;14,(205,328),(210,0),(108,490),-1;4,(205,328),(204,382),-1,-1;4,(362,493),(320,406),1,-1
theta	1,(263,733),5;2,(258,-14),0;6,(366,331),(365,394),1;4,(263,733),(256,683),0,-1;4,(258,-14),(268,36),0,-1
iota	1,(202,491),0;2,(192,-14),0;4,(192,-14),(242,67),0,-1
kappa	1,(110,489),0;1,(474,494),0;2,(433,-14),0;2,(94,-12),0;14,(255,247),(433,-14),(474,494),-1;4,(110,489),(62,408),0,-1;14,(204,240),(433,-14),(474,494),-1;4,(474,494),(421,369),0,-1;4,(433,-14),(465,88),0,-1
lambda	1,(142,734),5;2,(153,-10),0;2,(481,-14),0;14,(303,366),(481,-14),(142,734),-1;4,(142,734),(137,629),0,-1;4,(481,-14),(514,88),0,-1
mu	8,(84,-192),0;1,(187,493),0;1,(486,493),0;1,(200,483),0;1,(499,483),0;2,(472,-14),0;2,(262,-14),0;4,(262,-14),(276,80),0,-1;4,(472,-14),(520,67),0,-1;14,(384,90),(472,-14),(187,493),-1;14,(169,50),(472,-14),(187,493),-1
nu	1,(105,488),0;1,(422,493),0;1,(472,476),0;2,(217,-6),0;4,(105,488),(45,405),0,-1;14,(289,72),(217,-6),(105,488),-1
xi	8,(200,-199),0;1,(38,728),5;6,(335,320),(343,413),0;4,(200,-199),(194,-127),1,-1;14,(230,349),(335,320),(343,413),-1;4,(38,728),(238,644),0,-1;4,(238,644),(426,647),-1,-1;4,(335,320),(395,318),-1,0
omicron	1,(274,493),0;2,(260,-14),0;4,(260,-14),(275,38),1,-1;4,(274,493),(258,441),1,-1
pi	1,(226,482),0;2,(467,-14),0;2,(114,-14),0;4,(226,482),(577,384),0,-1;4,(467,-14),(520,67),0,-1;4,(577,384),(367,391),-1,-1;4,(367,391),(227,391),-1,-1;4,(114,-14),(155,118),0,-1;4,(227,391),(175,389),-1,0
rho	8,(76,-192),0;1,(298,493),0;2,(308,-14),0;4,(308,-14),(291,49),0,-1;4,(298,493),(278,441),1,-1;14,(175,55),(308,-14),(298,493),-1
sigma	1,(321,483),0;2,(264,-14),0;4,(264,-14),(274,38),1,-1;4,(321,483),(272,427),0,-1;14,(380,406),(264,-14),(321,483),-1
tau	1,(240,482),0;2,(295,-14),0;4,(240,482),(464,384),0,-1;4,(295,-14),(345,67),0,-1;4,(464,384),(202,387),-1,-1
upsilon	1,(117,489),0;1,(431,493),0;2,(280,-14),0;4,(117,489),(61,408),0,-1;4,(280,-14),(310,49),0,-1
phi	8,(313,-202),0;1,(325,494),0;1,(407,494),0;2,(311,-16),0;2,(415,-16),0;4,(311,-16),(314,35),1,-1;4,(325,494),(323,443),1,-1;4,(323,443),(407,443),-1,-1;4,(314,35),(413,34),-1,-1
chi	1,(97,491),0;1,(380,487),0;6,(441,-196),(474,-106),-2;14,(274,76),(441,-196),(97,491),-1;4,(441,-196),(140,-192),-1,0;4,(97,491),(72,407),-2,-1;14,(260,244),(441,-196),(97,491),-1
psi	8,(357,-201),0;8,(363,618),0;1,(113,489),0;1,(639,493),0;2,(353,-14),0;2,(455,-10),0;4,(113,489),(59,408),0,-1;4,(353,-14),(354,44),0,-1;4,(354,44),(454,46),-1,-1
omega	1,(290,492),0;1,(454,492),0;2,(229,-14),0;2,(515,-14),0;4,(290,492),(296,451),0,-1;4,(229,-14),(251,56),0,-1;4,(251,56),(500,56),-1,-1;4,(296,451),(449,451),-1,-1
sigma.end	8,(178,-198),0;1,(290,493),0;4,(178,-198),(173,-127),1,-1;4,(290,493),(257,451),1,-1
Be	1,(38,663),4;2,(38,0),0;6,(252,335),(252,387),0;4,(38,0),(38,47),0,-1;4,(38,0),(122,56),1,-1;4,(38,663),(122,607),1,-1;4,(38,663),(38,616),0,-1;4,(38,616),(254,610),-1,-1;4,(38,47),(254,52),-1,-1
De	8,(76,-182),0;1,(161,663),4;2,(103,0),0;4,(103,0),(61,55),1,-1;4,(161,663),(250,604),1,-1;4,(161,663),(161,616),0,-1;4,(161,616),(658,616),-1,-1;4,(250,604),(313,609),-1,-1;4,(313,609),(575,607),-1,-1;4,(61,55),(143,55),-1,-1;4,(143,55),(575,55),-1,-1;4,(76,-182),(604,-182),-1,-1
Zhe	1,(328,663),4;1,(106,681),4;1,(840,681),4;2,(328,0),0;2,(942,0),0;2,(3,0),0;2,(100,-12),0;2,(845,-12),0;6,(413,307),(413,357),0;4,(328,0),(328,47),0,-1;4,(328,0),(411,56),1,-1;4,(3,0),(3,47),0,-1;14,(302,335),(413,357),(413,307),-1;4,(106,681),(164,554),-2,-1;4,(328,663),(411,607),1,-1;4,(328,663),(328,616),0,-1;4,(328,616),(618,616),-1,-1;4,(411,607),(535,607),-1,-1;4,(413,357),(533,357),-1,-1;4,(840,681),(781,553),-2,-1;4,(302,335),(643,335),-1,-1;4,(942,0),(942,47),0,-1;4,(413,307),(533,307),-1,-1;4,(411,56),(535,56),-1,-1;4,(328,47),(618,47),-1,-1
Ze	1,(268,680),4;2,(255,-17),0;6,(233,316),(226,370),0;4,(255,-17),(226,36),0,-1;4,(268,680),(237,627),0,-1;14,(342,350),(233,316),(226,370),-1
Icyr	1,(39,663),4;1,(452,663),4;2,(39,0),0;2,(452,0),0;4,(39,0),(39,47),0,-1;4,(39,0),(122,56),1,-1;4,(39,663),(122,607),1,-1;4,(39,663),(39,616),0,-1;4,(39,616),(337,616),-1,-1;4,(122,607),(253,607),-1,-1;4,(452,663),(540,606),1,-1;4,(452,663),(452,616),0,-1;4,(452,616),(750,616),-1,-1;4,(540,606),(667,607),-1,-1;4,(452,0),(535,56),1,-1;4,(535,56),(667,56),-1,-1;4,(452,0),(452,47),0,-1;4,(452,47),(750,47),-1,-1;4,(122,56),(248,57),-1,-1;4,(39,47),(337,47),-1,-1
Ka	1,(39,663),4;1,(572,681),4;2,(39,0),0;2,(672,0),0;2,(575,-12),0;6,(254,307),(254,357),0;4,(39,0),(39,47),0,-1;4,(39,0),(123,56),1,-1;4,(39,663),(123,607),1,-1;4,(39,663),(39,616),0,-1;4,(39,616),(337,616),-1,-1;4,(123,607),(256,607),-1,-1;4,(572,681),(509,555),-2,-1;14,(370,335),(254,357),(254,307),-1;4,(672,0),(672,47),0,-1;4,(123,56),(256,56),-1,-1;4,(39,47),(337,47),-1,-1
El	1,(159,663),4;1,(660,663),4;2,(360,0),0;2,(91,-15),0;4,(91,-15),(146,94),-2,-1;4,(159,663),(248,604),1,-1;4,(159,663),(159,616),0,-1;4,(660,663),(660,616),0,-1;4,(248,604),(304,609),-1,-1;4,(304,609),(577,607),-1,-1;4,(360,0),(444,56),1,-1;4,(444,56),(577,56),-1,-1;4,(360,0),(360,47),0,-1;4,(360,47),(660,47),-1,-1
Pe	1,(39,663),4;2,(39,0),0;2,(428,0),0;4,(39,0),(39,47),0,-1;4,(39,0),(122,56),1,-1;4,(39,663),(122,607),1,-1;4,(39,663),(39,616),0,-1;4,(39,616),(726,616),-1,-1;4,(122,607),(255,611),-1,-1;4,(255,611),(643,607),-1,-1;4,(428,0),(510,56),1,-1;4,(510,56),(643,56),-1,-1;4,(428,0),(428,47),0,-1;4,(428,47),(726,47),-1,-1;4,(122,56),(255,56),-1,-1;4,(39,47),(337,47),-1,-1
Ucyr	1,(11,663),4;1,(409,663),4;2,(183,-17),0;4,(11,663),(11,616),0,-1;4,(11,663),(74,608),1,-1;4,(74,608),(217,607),-1,-1;14,(358,285),(183,-17),(11,663),-1;4,(217,607),(484,605),-1,-1;4,(11,616),(409,616),-1,-1;4,(409,616),(622,616),-1,-1;4,(484,605),(549,605),-1,-1;4,(183,-17),(252,70),-2,-1
Ef	1,(222,675),4;2,(222,-11),0;4,(222,675),(311,618),1,-1;4,(311,618),(312,558),-1,-1;4,(222,675),(222,628),0,-1;4,(222,628),(520,628),-1,-1;4,(311,618),(431,618),-1,-1;4,(312,558),(430,558),-1,-1;4,(222,-11),(311,47),1,-1;4,(311,47),(312,103),-1,-1;4,(312,103),(430,103),-1,-1;4,(311,47),(431,46),-1,-1;4,(222,-11),(222,36),0,-1;4,(222,36),(520,36),-1,-1;4,(312,103),(313,151),0,-1;4,(312,558),(313,510),0,-1;4,(313,151),(429,151),-1,-1;4,(313,510),(429,510),-1,-1
Tse	1,(39,663),4;1,(425,663),4;2,(39,0),0;4,(39,0),(122,56),0,-1;4,(39,663),(39,616),1,-1;4,(39,616),(335,616),-1,-1;4,(122,56),(255,55),-1,-1;4,(255,55),(504,55),-1,-1;4,(335,616),(425,616),-1,-1;4,(425,616),(721,616),-1,-1;4,(504,55),(638,55),-1,-1;4,(638,55),(738,55),-1,-1
Che	1,(19,663),4;1,(372,663),4;2,(364,0),0;6,(310,263),(350,324),0;4,(19,663),(19,616),0,-1;4,(19,616),(310,616),-1,-1;4,(19,663),(94,607),1,-1;4,(94,607),(225,607),-1,-1;4,(225,607),(452,607),-1,-1;4,(310,616),(372,616),-1,-1;4,(372,616),(670,616),-1,-1;4,(452,607),(585,607),-1,-1;4,(364,0),(452,56),1,-1;4,(452,56),(585,56),-1,-1;4,(364,0),(364,47),0,-1;4,(364,47),(670,47),-1,-1
Sha	1,(37,663),4;1,(387,663),4;1,(724,663),4;2,(37,0),0;4,(37,0),(37,47),0,-1;4,(37,0),(122,56),1,-1;4,(37,663),(122,607),1,-1;4,(37,663),(37,616),0,-1;4,(37,616),(329,616),-1,-1;4,(122,607),(255,607),-1,-1;4,(122,56),(255,55),-1,-1;4,(255,55),(460,55),-1,-1;4,(255,607),(460,607),-1,-1;4,(329,616),(387,616),-1,-1;4,(387,616),(665,616),-1,-1;4,(460,607),(592,607),-1,-1;4,(460,55),(592,55),-1,-1;4,(592,55),(797,55),-1,-1;4,(592,607),(797,608),-1,-1;4,(665,616),(724,616),-1,-1;4,(724,616),(1015,616),-1,-1;4,(797,608),(930,607),-1,-1;4,(797,55),(930,56),-1,0;4,(37,47),(1015,47),-1,-1
Shcha	8,(954,-182),0;1,(37,663),4;1,(387,663),4;1,(724,663),4;2,(37,0),0;4,(37,0),(37,47),0,-1;4,(37,0),(122,56),1,-1;4,(37,663),(122,607),1,-1;4,(37,663),(37,616),0,-1;4,(37,616),(329,616),-1,-1;4,(122,607),(255,607),-1,-1;4,(122,56),(255,55),-1,-1;4,(255,55),(460,55),-1,-1;4,(255,607),(460,607),-1,-1;4,(329,616),(387,616),-1,-1;4,(387,616),(665,616),-1,-1;4,(460,607),(592,607),-1,-1;4,(460,55),(592,55),-1,-1;4,(592,55),(797,55),-1,-1;4,(592,607),(797,608),-1,-1;4,(665,616),(724,616),-1,-1;4,(724,616),(1015,616),-1,-1;4,(797,608),(930,607),-1,-1;4,(797,55),(930,55),-1,-1;4,(930,55),(1031,55),-1,-1
Hard	1,(471,663),4;2,(169,0),0;6,(428,344),(469,398),0;4,(169,0),(169,47),0,-1;4,(169,0),(252,56),1,-1;4,(471,663),(386,607),1,-1;4,(386,607),(252,610),-1,-1;4,(471,663),(471,616),0,-1;4,(469,398),(384,394),-1,0;4,(252,56),(386,52),-1,-1;4,(386,52),(429,52),-1,-1;4,(428,344),(384,342),-1,0
Yeru	1,(39,663),4;1,(597,663),4;2,(39,0),0;2,(597,0),0;6,(302,344),(336,398),1;4,(39,0),(39,47),0,-1;4,(39,0),(122,56),1,-1;4,(39,663),(122,607),1,-1;4,(39,663),(39,616),0,-1;4,(39,616),(343,616),-1,-1;4,(122,607),(255,606),-1,-1;4,(336,398),(253,394),-1,-1;4,(597,0),(597,47),0,-1;4,(597,0),(681,56),1,-1;4,(597,663),(681,607),1,-1;4,(597,663),(597,616),0,-1;4,(597,616),(899,616),-1,-1;4,(681,607),(815,607),-1,-1;4,(681,56),(815,56),-1,-1;4,(597,47),(899,47),-1,-1;4,(122,56),(255,52),-1,-1;4,(302,344),(253,342),-1,-1
Soft	1,(39,663),4;2,(39,0),0;6,(312,344),(347,398),0;4,(39,0),(39,47),0,-1;4,(39,0),(122,56),1,-1;4,(39,663),(122,607),1,-1;4,(39,663),(39,616),0,-1;4,(39,616),(347,616),-1,-1;4,(122,607),(255,606),-1,-1;4,(347,398),(253,394),-1,0;4,(122,56),(255,52),-1,-1;4,(312,344),(253,342),-1,0
Ecyr	1,(241,680),4;2,(240,-17),0;6,(436,311),(435,364),0;4,(240,-17),(234,36),1,-1;4,(241,680),(232,627),1,-1
Yu	1,(39,663),4;1,(673,680),4;2,(39,0),0;2,(673,-17),0;6,(380,314),(381,366),0;4,(39,0),(122,56),1,-1;4,(122,56),(249,56),-1,-1;4,(39,0),(39,47),0,-1;4,(39,47),(332,47),-1,-1;4,(39,663),(122,607),1,-1;4,(39,663),(39,616),0,-1;4,(39,616),(332,616),-1,-1;4,(122,607),(249,607),-1,-1;4,(673,-17),(673,37),1,-1;4,(673,680),(673,627),1,-1
Ya	1,(628,663),4;2,(0,0),0;2,(329,0),0;2,(97,-10),0;6,(414,298),(414,349),0;4,(628,663),(628,616),0,-1;4,(628,616),(412,612),-1,-1;4,(0,0),(0,47),0,-1;14,(244,319),(414,349),(414,298),-1;4,(628,663),(544,607),1,-1;4,(329,0),(412,56),1,-1;4,(412,56),(544,56),-1,-1;4,(329,0),(329,47),0,-1;4,(329,47),(628,47),-1,-1
Dje	1,(26,663),4;2,(135,0),0;6,(413,337),(448,391),0;6,(446,-63),(433,-19),0;4,(26,663),(111,610),1,-1;4,(111,610),(361,610),-1,-1;4,(448,391),(359,387),-1,0;4,(413,337),(359,335),-1,0;4,(135,0),(135,47),0,-1;4,(135,0),(229,57),1,-1
Ieukran	1,(369,680),4;2,(369,-17),0;6,(341,311),(340,364),0;4,(369,680),(383,627),1,-1;4,(369,-17),(381,37),1,-1
Lje	1,(159,663),4;2,(89,-15),0;2,(361,0),0;6,(575,343),(575,395),1;4,(89,-15),(146,94),1,-1;4,(159,663),(248,604),1,-1;4,(159,663),(159,616),0,-1;4,(159,616),(660,616),-1,-1;4,(248,604),(577,607),-1,-1;4,(361,0),(361,47),0,-1;4,(361,0),(444,56),1,-1;4,(159,616),(304,609),-1,-1;4,(361,47),(577,52),-1,-1
Nje	1,(39,663),4;1,(425,663),4;2,(39,0),0;2,(425,0),0;6,(506,336),(506,388),0;4,(39,0),(122,56),1,-1;4,(122,56),(255,56),-1,-1;4,(39,0),(39,47),0,-1;4,(39,47),(335,47),-1,-1;4,(39,663),(122,607),1,-1;4,(39,663),(39,616),0,-1;4,(39,616),(335,616),-1,-1;4,(122,607),(255,607),-1,-1;4,(425,663),(504,607),1,-1;4,(425,663),(425,616),0,-1;4,(425,616),(729,616),-1,-1;4,(504,607),(638,606),-1,-1;4,(506,388),(636,393),-1,-1;4,(425,0),(425,47),0,-1;4,(425,0),(504,56),1,-1;4,(425,47),(638,52),-1,-1;4,(506,336),(636,340),-1,-1
Tshe	1,(26,663),4;2,(148,0),0;2,(768,0),0;6,(374,342),(374,392),0;4,(26,663),(111,610),1,-1;4,(111,610),(376,610),-1,-1;4,(768,0),(704,55),1,-1;4,(768,0),(768,47),0,-1;4,(148,0),(242,57),1,-1;4,(242,57),(376,57),-1,-1;4,(148,0),(148,47),0,-1;4,(148,47),(467,47),-1,-1
Dzhe	8,(345,-211),0;1,(39,663),4;1,(425,663),4;2,(39,0),0;4,(39,0),(39,47),0,-1;4,(39,0),(122,56),1,-1;4,(39,663),(122,607),1,-1;4,(39,663),(39,616),0,-1;4,(39,616),(335,616),-1,-1;4,(122,607),(255,607),-1,-1;4,(122,56),(255,55),-1,-1;4,(425,663),(504,607),1,-1;4,(425,663),(425,616),0,-1;4,(425,616),(721,616),-1,-1;4,(504,607),(638,607),-1,-1;4,(255,55),(638,56),-1,-1;4,(39,47),(721,47),-1,-1
Fita	1,(353,680),4;2,(353,-17),0;6,(529,314),(528,366),0;4,(353,680),(353,627),1,-1;4,(353,-17),(353,37),1,-1
Gheup	8,(471,805),0;1,(39,663),4;2,(39,0),0;4,(39,0),(39,47),0,-1;4,(39,0),(123,56),1,-1;4,(39,663),(123,607),1,-1;4,(39,663),(39,616),0,-1;4,(123,607),(256,610),-1,-1;4,(123,56),(256,57),-1,-1;4,(39,47),(347,47),-1,-1
Ghestroke	1,(39,663),4;2,(39,0),0;6,(125,314),(125,366),0;4,(39,663),(123,607),1,-1;4,(39,663),(39,616),0,-1;4,(123,607),(256,610),-1,-1;4,(125,366),(254,366),-1,-1;4,(125,314),(254,314),-1,-1;4,(39,0),(123,56),1,-1;4,(123,56),(256,57),-1,-1;4,(39,0),(39,47),0,-1;4,(39,47),(347,47),-1,-1
Zhedescender	8,(886,-182),0;1,(106,681),4;1,(840,681),4;1,(328,663),4;2,(328,0),0;2,(3,0),0;2,(100,-12),0;2,(865,-12),0;6,(413,307),(413,357),1;4,(328,0),(328,47),0,-1;4,(328,0),(411,56),1,-1;4,(3,0),(3,47),0,-1;14,(302,335),(413,307),(413,357),-1;4,(106,681),(164,554),-2,-1;4,(328,663),(411,607),1,-1;4,(328,663),(328,616),0,-1;4,(328,616),(618,616),-1,-1;4,(411,607),(535,607),-1,-1;4,(413,357),(533,357),-1,-1;4,(840,681),(781,553),-2,-1;14,(643,335),(413,307),(413,357),-1;4,(328,47),(618,47),-1,-1;4,(618,47),(957,47),-1,-1;4,(413,307),(564,307),-1,-1;4,(411,56),(535,56),-1,-1
Kadescender	8,(618,-182),0;1,(39,663),4;1,(572,681),4;2,(39,0),0;2,(597,-11),0;6,(254,307),(254,357),0;4,(39,0),(39,47),0,-1;4,(39,0),(123,56),1,-1;4,(39,663),(123,607),1,-1;4,(39,663),(39,616),0,-1;4,(123,607),(256,607),-1,-1;4,(572,681),(509,555),-2,-1;14,(370,335),(254,307),(254,357),-1;4,(39,47),(337,47),-1,-1;4,(337,47),(689,47),-1,-1;4,(123,56),(256,56),-1,-1
Kabashkir	1,(471,663),4;1,(705,681),4;2,(172,0),0;2,(805,0),0;2,(708,-12),0;6,(388,307),(388,357),0;4,(471,663),(471,616),0,-1;4,(471,663),(390,607),1,-1;4,(705,681),(641,553),-2,-1;14,(504,335),(388,357),(388,307),-1;4,(805,0),(805,47),0,-1;4,(172,0),(256,56),1,-1;4,(256,56),(390,56),-1,-1;4,(172,0),(172,47),0,-1;4,(172,47),(471,47),-1,-1;4,(390,607),(256,610),-1,-1
Endescender	8,(687,-182),0;1,(39,663),4;1,(441,663),4;2,(39,0),0;2,(441,0),0;6,(253,314),(253,366),0;4,(39,663),(122,607),1,-1;4,(39,663),(39,616),0,-1;4,(39,616),(337,616),-1,-1;4,(122,607),(255,607),-1,-1;4,(255,607),(522,607),-1,-1;4,(337,616),(441,616),-1,-1;4,(441,616),(739,616),-1,-1;4,(522,607),(656,607),-1,-1;4,(39,0),(122,56),1,-1;4,(122,56),(255,56),-1,-1;4,(255,56),(522,56),-1,-1;4,(522,56),(656,57),-1,-1;4,(39,0),(39,47),0,-1;4,(39,47),(337,47),-1,-1;4,(337,47),(441,47),-1,-1;4,(441,47),(759,47),-1,-1
Ustraightstroke	1,(11,663),4;1,(404,663),4;2,(156,0),0;6,(531,237),(531,289),1;4,(156,0),(250,57),1,-1;4,(250,57),(382,57),-1,-1;4,(156,0),(156,47),0,-1;4,(156,47),(477,47),-1,-1;4,(531,237),(251,237),-1,-1;4,(531,289),(95,289),-1,-1;4,(11,663),(80,609),1,-1;4,(11,663),(11,616),0,-1;4,(11,616),(313,616),-1,-1;4,(80,609),(227,606),-1,-1;14,(354,328),(156,0),(11,663),-1;4,(404,663),(484,604),1,-1;4,(404,663),(404,616),0,-1;4,(404,616),(622,616),-1,-1;4,(484,604),(542,603),-1,-1
Hadescender	8,(589,-182),0;1,(15,663),4;1,(396,663),4;2,(9,0),0;2,(338,0),0;4,(9,0),(9,47),0,-1;4,(9,0),(96,57),1,-1;4,(15,663),(94,607),1,-1;4,(15,663),(15,616),0,-1;4,(15,616),(312,616),-1,-1;4,(94,607),(237,608),-1,-1;14,(351,414),(96,57),(94,607),-1;4,(237,608),(470,608),-1,-1;4,(312,616),(396,616),-1,-1;4,(396,616),(616,616),-1,-1;4,(470,608),(534,607),-1,-1;4,(96,57),(159,56),-1,-1;4,(159,56),(421,56),-1,-1;4,(421,56),(564,56),-1,-1;4,(9,47),(230,47),-1,-1;4,(230,47),(338,47),-1,-1;4,(338,47),(660,47),-1,-1;14,(294,269),(96,57),(94,607),-1
be	1,(301,470),0;2,(283,-14),0;14,(101,332),(283,-14),(301,470),-1;4,(301,470),(284,421),0,-1;4,(283,-14),(286,35),0,-1
ve	1,(37,479),0;2,(37,0),0;6,(217,229),(217,272),0;4,(37,0),(37,41),0,-1;4,(37,0),(99,53),1,-1;4,(37,479),(99,426),1,-1;4,(37,479),(37,438),0,-1;14,(370,253),(217,272),(217,229),-1;4,(37,479),(219,431),0,-1;4,(37,0),(219,48),0,-1
ghe	1,(37,479),0;2,(37,0),0;4,(37,0),(37,41),0,-1;4,(37,0),(99,54),1,-1;4,(37,479),(99,426),1,-1;4,(37,479),(37,438),0,-1;4,(99,426),(223,431),-1,-1;4,(99,54),(222,54),-1,-1;4,(37,41),(295,41),-1,-1
de	8,(19,-154),0;1,(126,479),0;2,(103,0),0;4,(126,479),(207,420),1,-1;4,(207,420),(478,423),-1,-1;4,(103,0),(66,48),0,-1;4,(66,48),(146,48),-1,-1;4,(146,48),(479,48),-1,-1;4,(19,-154),(500,-154),-1,-1;4,(126,479),(265,431),0,-1
zhe	1,(88,493),0;1,(705,493),0;1,(273,479),0;2,(273,0),0;2,(11,0),0;2,(782,0),0;2,(707,-11),0;2,(86,-11),0;6,(341,217),(341,264),0;4,(273,0),(273,41),0,-1;4,(273,0),(340,54),1,-1;4,(11,0),(11,41),0,-1;4,(341,217),(452,217),-1,-1;4,(341,264),(452,264),-1,-1;14,(551,244),(452,217),(452,264),-1;4,(551,244),(242,244),-1,-1;4,(88,493),(155,377),-2,-1;4,(273,479),(340,425),1,-1;4,(273,479),(273,438),0,-1;4,(273,438),(520,438),-1,-1;4,(340,425),(453,424),-1,-1;4,(705,493),(638,377),-2,-1;4,(782,0),(782,41),0,-1;4,(340,54),(453,55),-1,-1;4,(273,41),(520,41),-1,-1
ze	1,(227,493),0;2,(205,-14),0;6,(214,228),(212,279),0;4,(205,-14),(202,31),0,-1;4,(227,493),(212,444),0,-1;14,(297,256),(214,228),(212,279),-1
icyr	1,(37,479),0;1,(370,479),0;2,(37,0),0;2,(370,0),0;4,(37,0),(37,41),0,-1;4,(37,0),(99,53),1,-1;4,(37,479),(99,426),1,-1;4,(37,479),(37,438),0,-1;4,(37,438),(284,438),-1,-1;4,(99,426),(216,424),-1,-1;14,(216,152),(37,0),(37,479),-1;4,(370,479),(439,423),1,-1;4,(370,479),(370,438),0,-1;4,(370,438),(613,438),-1,-1;4,(439,423),(550,425),-1,-1;4,(370,0),(439,56),1,-1;4,(439,56),(550,54),-1,-1;4,(370,0),(370,41),0,-1;4,(370,41),(613,41),-1,-1;14,(439,332),(37,0),(37,479),-1;4,(99,53),(216,55),-1,-1;4,(37,41),(284,41),-1,-1
ka	1,(37,479),0;1,(471,493),0;2,(37,0),0;2,(548,0),0;2,(473,-11),0;6,(221,219),(221,266),0;4,(37,0),(37,41),0,-1;4,(37,0),(99,53),1,-1;4,(37,479),(99,426),1,-1;4,(37,479),(37,438),0,-1;4,(37,438),(284,438),-1,-1;4,(99,426),(222,425),-1,-1;4,(471,493),(404,377),-2,-1;14,(317,245),(221,266),(221,219),-1;4,(548,0),(548,41),0,-1;4,(99,53),(222,54),-1,-1;4,(37,41),(284,41),-1,-1
el	1,(130,479),0;2,(87,-12),0;2,(303,0),0;4,(87,-12),(132,85),-2,-1;4,(130,479),(209,421),1,-1;4,(130,479),(130,438),0,-1;4,(130,438),(550,438),-1,-1;4,(209,421),(488,425),-1,-1;4,(303,0),(365,53),1,-1;4,(365,53),(488,54),-1,-1;4,(303,0),(303,41),0,-1;4,(303,41),(550,41),-1,-1;4,(130,479),(262,431),0,-1
em	1,(39,479),0;1,(704,479),0;2,(37,0),0;2,(457,0),0;14,(312,38),(37,0),(39,479),-1;4,(39,479),(144,430),0,-1;4,(37,0),(103,55),1,-1;4,(103,55),(154,56),-1,-1;4,(37,0),(37,41),0,-1;4,(37,41),(216,41),-1,-1;4,(39,479),(103,423),1,-1;4,(39,479),(39,438),0,-1;14,(373,167),(37,0),(39,479),-1;4,(704,479),(704,438),0,-1;4,(704,479),(642,425),1,-1;4,(457,0),(525,54),1,-1;4,(525,54),(642,54),-1,-1;4,(457,0),(457,41),0,-1;4,(457,41),(704,41),-1,-1;4,(144,430),(532,429),-1,-1
en	1,(37,479),0;1,(354,479),0;2,(37,0),0;2,(354,0),0;6,(221,228),(221,276),0;4,(37,0),(37,41),0,-1;4,(37,0),(99,53),1,-1;4,(37,479),(99,426),1,-1;4,(37,479),(37,438),0,-1;4,(37,438),(284,438),-1,-1;4,(99,426),(222,425),-1,-1;4,(354,479),(417,426),1,-1;4,(354,479),(354,438),0,-1;4,(354,438),(602,438),-1,-1;4,(417,426),(539,425),-1,-1;4,(354,0),(417,53),1,-1;4,(417,53),(539,54),-1,-1;4,(354,0),(354,41),0,-1;4,(354,41),(602,41),-1,-1;4,(99,53),(222,54),-1,-1;4,(37,41),(284,41),-1,-1
pe	1,(37,479),0;2,(37,0),0;2,(346,0),0;4,(37,0),(37,41),0,-1;4,(37,0),(99,53),1,-1;4,(37,479),(99,426),1,-1;4,(37,479),(37,438),0,-1;4,(37,438),(593,438),-1,-1;4,(99,426),(531,425),-1,-1;4,(346,0),(409,53),1,-1;4,(409,53),(531,54),-1,-1;4,(346,0),(346,41),0,-1;4,(346,41),(593,41),-1,-1;4,(37,479),(223,431),0,-1;4,(99,53),(222,54),-1,-1;4,(37,41),(284,41),-1,-1
te	1,(30,479),0;2,(139,0),0;4,(30,479),(104,431),0,-1;4,(104,431),(333,431),-1,-1;4,(139,0),(210,55),1,-1;4,(210,55),(332,55),-1,-1;4,(139,0),(139,41),0,-1;4,(139,41),(403,41),-1,-1
ef	1,(429,719),5;1,(255,493),0;1,(515,493),0;2,(247,-233),1;2,(255,-14),0;2,(515,-14),0;4,(247,-233),(247,-192),0,-1;4,(247,-233),(328,-178),1,-1;14,(330,1),(255,-14),(255,493),-1;14,(335,475),(255,493),(255,-14),-1;4,(429,719),(335,626),1,-1;4,(335,626),(257,674),0,-1;4,(335,475),(440,477),-1,-1;4,(330,1),(437,3),-1,-1;4,(328,-178),(439,-176),-1,-1;4,(247,-192),(521,-192),-1,-1;4,(255,-14),(280,35),0,-1;4,(280,35),(490,35),-1,-1;4,(255,493),(280,444),0,-1;4,(280,444),(491,444),-1,-1;4,(335,475),(330,434),0,-1;4,(330,434),(440,434),-1,-1;4,(330,1),(330,44),0,-1;4,(330,44),(440,45),-1,-1
tse	8,(542,-154),0;1,(37,479),0;1,(342,479),0;2,(37,0),0;4,(37,479),(37,438),0,-1;4,(37,438),(283,438),-1,-1;4,(37,479),(99,426),1,-1;4,(99,426),(222,426),-1,-1;4,(37,0),(223,48),0,-1;4,(342,479),(403,426),1,-1;4,(342,479),(342,438),0,-1;4,(342,438),(587,438),-1,-1;4,(403,426),(525,425),-1,-1;4,(223,48),(526,48),-1,-1;4,(37,0),(37,41),0,-1;4,(37,0),(99,53),1,-1
che	1,(9,479),0;1,(287,479),0;2,(284,0),0;6,(241,182),(287,243),1;4,(9,479),(9,438),0,-1;4,(9,438),(240,438),-1,-1;4,(9,479),(62,426),1,-1;4,(62,426),(180,426),-1,-1;4,(287,479),(346,426),1,-1;4,(287,479),(287,438),0,-1;4,(287,438),(531,438),-1,-1;4,(346,426),(469,425),-1,-1;4,(284,0),(346,54),1,-1;4,(346,54),(469,53),-1,-1;4,(284,0),(284,41),0,-1;4,(284,41),(531,41),-1,-1
sha	1,(37,479),0;1,(317,479),0;1,(589,479),0;2,(37,0),0;4,(37,0),(37,41),0,-1;4,(37,0),(99,53),1,-1;4,(37,479),(99,426),1,-1;4,(37,479),(37,438),0,-1;4,(37,438),(272,438),-1,-1;4,(99,426),(216,426),-1,-1;4,(37,0),(217,48),0,-1;4,(317,479),(373,426),1,-1;4,(317,479),(317,438),0,-1;4,(317,438),(543,438),-1,-1;4,(373,426),(488,426),-1,-1;4,(217,48),(489,48),-1,-1;4,(589,479),(644,426),1,-1;4,(589,479),(589,438),0,-1;4,(589,438),(823,438),-1,-1;4,(644,426),(761,426),-1,-1;4,(99,53),(761,53),-1,-1;4,(37,41),(823,41),-1,-1
shcha	1,(37,479),0;1,(317,479),0;1,(589,479),0;2,(37,0),0;4,(37,0),(37,41),0,-1;4,(37,0),(99,53),1,-1;4,(37,479),(99,426),1,-1;4,(37,479),(37,438),0,-1;4,(37,438),(272,438),-1,-1;4,(99,426),(216,426),-1,-1;4,(37,0),(217,48),0,-1;4,(317,479),(373,426),1,-1;4,(317,479),(317,438),0,-1;4,(317,438),(543,438),-1,-1;4,(373,426),(488,426),-1,-1;4,(217,48),(489,48),-1,-1;4,(589,479),(644,426),1,-1;4,(589,479),(589,438),0,-1;4,(589,438),(823,438),-1,-1;4,(644,426),(761,425),-1,-1;4,(489,48),(762,48),-1,-1
hard	1,(33,479),0;1,(404,479),0;2,(138,0),0;6,(334,246),(334,293),0;4,(138,0),(138,41),0,-1;4,(138,0),(213,54),1,-1;4,(33,479),(105,431),0,-1;4,(404,479),(404,438),0,-1;4,(404,479),(335,425),1,-1;4,(138,0),(336,46),0,-1
yeru	1,(37,479),0;1,(494,479),0;2,(494,0),0;2,(37,0),0;6,(221,293),(221,247),0;4,(494,0),(494,41),0,-1;4,(494,0),(557,53),1,-1;4,(494,479),(557,426),1,-1;4,(494,479),(494,438),0,-1;4,(494,438),(742,438),-1,-1;4,(557,426),(679,425),-1,-1;4,(557,53),(679,54),-1,-1;4,(494,41),(742,41),-1,-1;4,(37,0),(37,41),0,-1;4,(37,0),(99,53),1,-1;4,(37,479),(99,426),1,-1;4,(37,479),(37,438),0,-1;4,(37,438),(284,438),-1,-1;4,(99,426),(222,425),-1,-1;4,(37,41),(223,46),-1,-1
soft	1,(37,479),0;2,(37,0),0;6,(221,246),(221,292),0;4,(37,0),(37,41),0,-1;4,(37,0),(99,53),1,-1;4,(37,479),(99,426),1,-1;4,(37,479),(37,438),0,-1;4,(37,438),(284,438),-1,-1;4,(99,426),(222,425),-1,-1;4,(37,41),(223,46),-1,-1
ecyr	1,(217,493),0;2,(201,-14),0;6,(329,221),(328,271),0;6,(144,216),(144,274),1;4,(217,493),(192,443),0,-1;4,(201,-14),(188,35),0,-1
yu	1,(546,493),0;1,(37,479),0;2,(546,-14),0;2,(37,0),0;6,(221,228),(221,276),0;4,(37,0),(99,53),1,-1;4,(99,53),(222,54),-1,-1;4,(37,0),(37,41),0,-1;4,(37,41),(284,41),-1,-1;4,(37,479),(99,426),1,-1;4,(37,479),(37,438),0,-1;4,(37,438),(284,438),-1,-1;4,(99,426),(222,425),-1,-1;4,(546,-14),(545,35),0,-1;4,(546,493),(545,444),0,-1
ya	1,(515,479),0;2,(269,0),0;2,(8,0),0;2,(89,-11),0;6,(335,201),(335,246),0;4,(515,479),(515,438),0,-1;4,(515,438),(333,433),-1,-1;4,(8,0),(8,41),0,-1;4,(515,479),(452,426),1,-1;4,(269,0),(334,54),1,-1;4,(334,54),(452,54),-1,-1;4,(269,0),(269,41),0,-1;4,(269,41),(515,41),-1,-1
ieukran	1,(293,493),0;2,(276,-14),0;6,(387,221),(387,279),1;4,(293,493),(302,443),0,-1;4,(276,-14),(303,62),1,-1
be.srb	2,(275,-14),0;14,(267,425),(275,-14),(454,721),-1;4,(267,425),(222,445),-1,-1;4,(275,-14),(280,35),0,-1
A.sc	1,(269,547),2;2,(7,0),0;2,(328,0),0;4,(7,0),(7,45),0,-1;4,(7,0),(83,56),1,-1;4,(328,0),(405,54),1,-1;4,(405,54),(529,51),-1,-1;4,(328,0),(328,43),0,-1;4,(328,43),(588,43),-1,-1;14,(192,213),(7,0),(269,547),-1;4,(192,213),(173,162),0,-1;4,(83,56),(134,57),-1,-1;4,(7,45),(210,45),-1,-1
B.sc	1,(50,545),2;2,(50,0),0;6,(245,258),(245,306),0;4,(50,545),(123,492),1,-1;4,(50,545),(50,500),0,-1;14,(387,287),(245,306),(245,258),-1;4,(50,0),(50,45),0,-1;4,(50,0),(124,53),1,-1;4,(50,500),(247,495),-1,-1;4,(50,45),(247,49),-1,-1
C.sc	1,(360,559),2;2,(357,-14),0;4,(357,-14),(371,37),0,-1;4,(360,559),(377,508),0,-1
D.sc	1,(50,545),2;2,(50,0),0;4,(50,545),(123,492),1,-1;4,(50,545),(50,500),0,-1;4,(50,0),(50,45),-2,-1;4,(50,0),(124,53),1,-1;4,(124,53),(248,49),-1,-1;4,(123,492),(248,495),-1,-1
E.sc	1,(500,545),2;1,(50,545),2;2,(50,0),0;2,(519,0),0;6,(246,255),(246,306),0;4,(500,545),(423,494),1,-1;4,(423,494),(123,492),-1,-1;4,(50,545),(50,500),0,-1;4,(519,0),(441,50),1,-1;4,(50,0),(50,45),0,-1;4,(441,50),(124,53),-1,-1
F.sc	1,(50,545),2;2,(50,0),0;6,(442,397),(424,375),0;6,(246,255),(246,306),0;4,(50,545),(123,492),1,-1;4,(50,545),(50,500),0,-1;4,(123,492),(248,494),-1,-1;4,(246,255),(374,177),-2,-1;4,(50,0),(124,53),1,-1;4,(124,53),(247,53),-1,-1;4,(50,0),(50,45),0,-1;4,(50,45),(327,45),-1,-1
G.sc	1,(364,559),2;2,(355,-14),0;6,(351,219),(351,264),0;4,(364,559),(376,508),1,-1;4,(355,-14),(381,38),1,-1;4,(351,264),(437,211),0,-1;4,(351,219),(607,219),-1,-1;4,(437,211),(558,214),-1,-1
H.sc	1,(50,545),2;1,(407,545),2;2,(50,0),0;2,(407,0),0;6,(246,253),(246,303),0;4,(50,545),(124,492),1,-1;4,(50,545),(50,500),0,-1;4,(50,500),(318,500),-1,-1;4,(124,492),(247,493),-1,-1;4,(247,493),(478,492),-1,-1;4,(318,500),(407,500),-1,-1;4,(407,500),(675,500),-1,-1;4,(478,492),(601,492),-1,-1;4,(50,0),(124,53),1,-1;4,(124,53),(248,52),-1,-1;4,(248,52),(478,53),-1,-1;4,(478,53),(602,53),-1,-1;4,(50,0),(50,45),0,-1;4,(50,45),(318,45),-1,-1;4,(318,45),(407,45),-1,-1;4,(407,45),(675,45),-1,-1
I.sc	1,(50,545),2;2,(50,0),0;4,(50,545),(123,492),1,-1;4,(50,545),(50,500),0,-1;4,(50,500),(322,500),-1,-1;4,(123,492),(247,492),-1,-1;4,(50,0),(124,53),1,-1;4,(124,53),(247,53),-1,-1;4,(50,0),(50,45),0,-1;4,(50,45),(322,45),-1,-1
J.sc	1,(48,545),2;6,(50,-141),(117,-92),1;4,(48,545),(48,500),0,-1;4,(48,500),(329,500),-1,-1;4,(48,545),(130,492),1,-1;4,(130,492),(255,492),-1,-1;4,(117,-92),(20,-36),-2,-1
K.sc	1,(50,545),2;1,(393,545),2;2,(50,0),0;2,(371,0),0;4,(50,545),(123,492),1,-1;4,(50,545),(50,500),0,-1;4,(50,500),(318,500),-1,-1;4,(123,492),(242,492),-1,-1;14,(241,258),(50,0),(50,545),-1;4,(242,492),(445,489),-1,-1;4,(318,500),(393,500),-1,-1;4,(393,500),(598,500),-1,-1;4,(445,489),(509,489),-1,-1;14,(382,349),(371,0),(393,545),-1;4,(50,0),(124,53),1,-1;4,(124,53),(243,53),-1,-1;4,(243,53),(426,51),-1,-1;4,(426,51),(554,52),-1,-1;4,(50,0),(50,45),0,-1;4,(50,45),(313,45),-1,-1;4,(313,45),(371,45),-1,-1;4,(371,45),(615,45),-1,-1;14,(307,266),(371,0),(393,545),-1;14,(241,193),(50,0),(50,545),-1
L.sc	1,(50,545),2;2,(50,0),0;4,(50,545),(124,492),1,-1;4,(50,545),(50,500),0,-1;4,(50,500),(324,500),-1,-1;4,(124,492),(247,492),-1,-1;4,(50,0),(124,53),1,-1;4,(124,53),(248,51),-1,-1;4,(50,0),(50,45),0,-1
M.sc	1,(43,545),2;1,(573,545),2;2,(39,0),0;2,(516,0),0;4,(39,0),(39,45),0,-1;4,(39,0),(121,56),1,-1;4,(43,545),(121,491),1,-1;4,(43,545),(43,500),0,-1;14,(415,145),(39,0),(43,545),-1;4,(573,545),(778,500),0,-1;4,(121,491),(706,492),-1,-1;4,(516,0),(584,53),1,-1;4,(584,53),(706,53),-1,-1;4,(516,0),(516,45),0,-1;4,(516,45),(780,45),-1,-1;14,(173,428),(39,0),(43,545),-1;4,(173,428),(586,427),-1,-1;4,(121,56),(178,56),-1,-1;4,(39,45),(247,45),-1,-1
N.sc	1,(408,545),2;1,(49,545),2;2,(507,-4),0;2,(46,0),0;4,(46,0),(46,45),0,-1;4,(46,0),(121,55),1,-1;4,(49,545),(112,493),1,-1;4,(49,545),(49,500),0,-1;14,(504,194),(408,545),(507,-4),-1;4,(112,493),(505,489),-1,-1;4,(49,500),(408,500),-1,-1;4,(408,500),(635,500),-1,-1;4,(505,489),(561,489),-1,-1;14,(178,410),(46,0),(49,545),-1;4,(121,55),(176,57),-1,-1;4,(46,45),(274,45),-1,-1
O.sc	1,(331,559),2;2,(331,-14),0;4,(331,-14),(331,37),0,-1;4,(331,559),(331,508),0,-1
P.sc	1,(50,545),2;2,(50,0),0;6,(246,208),(246,257),0;4,(50,545),(123,492),1,-1;4,(50,545),(50,500),0,-1;4,(50,0),(124,53),1,-1;4,(124,53),(247,53),-1,-1;4,(50,0),(50,45),0,-1;4,(50,45),(327,45),-1,-1;4,(50,500),(248,495),-1,-1
Q.sc	1,(331,559),2;2,(267,-8),0;2,(384,-9),0;6,(458,-177),(494,-114),0;4,(384,-9),(331,37),0,-1;4,(331,559),(331,508),0,-1
R.sc	1,(50,545),2;2,(321,0),0;2,(520,-11),0;2,(602,0),0;6,(245,250),(245,298),0;4,(50,545),(123,492),1,-1;4,(50,545),(50,500),0,-1;14,(387,271),(245,298),(245,250),-1;4,(520,-11),(602,45),1,-1;4,(602,45),(535,53),-1,-1;4,(321,0),(246,53),1,-1;4,(321,0),(321,45),0,-1;4,(321,45),(50,45),-1,-1;4,(246,53),(124,53),-1,-1;4,(123,492),(247,495),-1,-1
S.sc	1,(269,559),2;2,(230,-14),0;4,(230,-14),(230,38),1,-1;14,(343,121),(230,-14),(269,559),-1;4,(269,559),(265,507),1,-1;14,(164,427),(269,559),(230,-14),-1
T.sc	1,(32,545),2;2,(140,0),0;4,(32,545),(222,494),1,-1;4,(222,494),(347,494),-1,-1;4,(140,0),(223,53),1,-1;4,(223,53),(346,53),-1,-1;4,(140,0),(140,45),0,-1;4,(140,45),(429,45),-1,-1
U.sc	1,(44,545),2;1,(423,545),2;2,(337,-14),0;4,(337,-14),(370,61),1,-1;4,(44,545),(113,493),1,-1;4,(113,493),(236,491),-1,-1;4,(236,491),(506,491),-1,-1;4,(44,545),(44,500),0,-1;4,(44,500),(319,500),-1,-1;4,(319,500),(423,500),-1,-1;4,(423,500),(636,500),-1,-1;4,(506,491),(562,492),-1,-1
V.sc	1,(17,545),2;1,(398,545),2;2,(276,-4),0;4,(17,545),(77,494),1,-1;4,(17,545),(17,500),0,-1;4,(17,500),(285,498),-1,-1;4,(77,494),(208,491),-1,-1;14,(337,149),(398,545),(276,-4),-1;4,(208,491),(468,490),-1,-1;4,(285,498),(398,498),-1,-1;4,(398,498),(598,500),-1,-1;4,(468,490),(525,490),-1,-1
W.sc	1,(344,545),2;1,(670,545),2;1,(16,545),2;2,(239,-4),0;2,(576,-4),0;4,(16,545),(81,493),1,-1;4,(16,545),(16,500),0,-1;4,(16,500),(279,500),-1,-1;4,(81,493),(207,492),-1,-1;14,(303,159),(239,-4),(344,545),-1;4,(207,492),(420,491),-1,-1;4,(279,500),(344,500),-1,-1;4,(344,500),(602,500),-1,-1;4,(420,491),(520,490),-1,-1;14,(633,157),(576,-4),(670,545),-1;4,(520,490),(739,490),-1,-1;4,(602,500),(670,500),-1,-1;4,(670,500),(864,500),-1,-1;4,(739,490),(793,489),-1,-1
X.sc	1,(14,545),2;1,(355,545),2;2,(7,0),0;2,(300,0),0;4,(7,0),(7,45),0,-1;4,(7,0),(87,53),1,-1;4,(14,545),(86,492),1,-1;4,(14,545),(14,500),0,-1;4,(14,500),(281,500),-1,-1;4,(86,492),(220,493),-1,-1;14,(317,344),(87,53),(86,492),-1;4,(220,493),(416,493),-1,-1;4,(281,500),(355,500),-1,-1;4,(355,500),(551,500),-1,-1;4,(416,493),(479,492),-1,-1;4,(87,53),(149,52),-1,-1;4,(149,52),(372,53),-1,-1;4,(372,53),(506,52),-1,-1;4,(7,45),(205,45),-1,-1;4,(205,45),(300,45),-1,-1;4,(300,45),(577,45),-1,-1;14,(264,217),(87,53),(86,492),-1
Y.sc	1,(14,545),2;1,(364,545),2;2,(142,0),0;4,(142,0),(142,45),0,-1;4,(142,0),(224,53),1,-1;4,(14,545),(76,494),1,-1;4,(14,545),(14,500),0,-1;4,(14,500),(288,500),-1,-1;4,(76,494),(215,492),-1,-1;14,(321,273),(224,53),(76,494),-1;4,(215,492),(430,491),-1,-1;4,(288,500),(364,500),-1,-1;4,(364,500),(558,500),-1,-1;4,(430,491),(486,489),-1,-1;4,(224,53),(348,53),-1,-1;4,(142,45),(431,45),-1,-1
Z.sc	1,(472,545),2;2,(25,0),0;4,(25,0),(169,51),1,-1;4,(169,51),(25,36),-1,-1;4,(472,545),(328,494),1,-1;4,(328,494),(472,509),-1,-1
AE.sc	1,(244,545),2;2,(316,0),0;2,(210,0),0;4,(316,0),(316,45),0,-1;4,(316,45),(210,45),-1,-1;4,(210,45),(8,45),-1,-1;4,(316,0),(509,50),1,-1;4,(509,50),(385,53),-1,-1;4,(385,53),(139,56),-1,-1;4,(139,56),(74,54),-1,-1;4,(244,545),(509,494),1,-1;4,(509,494),(386,487),-1,-1;4,(386,487),(320,491),-1,-1;4,(244,545),(244,500),0,-1;14,(508,255),(210,0),(244,545),-1;4,(508,255),(508,306),0,-1;14,(386,199),(210,0),(244,545),-1;4,(386,199),(386,249),0,-1
Germandbls.sc	1,(383,559),2;2,(50,0),0;2,(457,-14),0;6,(549,522),(549,493),0;4,(50,0),(50,43),0,-1;4,(50,0),(123,51),1,-1;14,(472,389),(383,559),(457,-14),-1;4,(457,-14),(446,36),0,-1;14,(524,110),(457,-14),(383,559),-1;14,(477,501),(549,522),(549,493),-1;4,(383,559),(392,507),1,-1
Hbar.sc	1,(44,545),2;1,(400,545),2;2,(44,0),0;2,(400,0),0;6,(472,365),(472,416),1;6,(472,232),(472,281),1;4,(472,365),(119,365),-1,-1;4,(472,416),(34,416),-1,-1;4,(44,545),(118,492),1,-1;4,(44,545),(44,500),0,-1;4,(44,500),(313,500),-1,-1;4,(118,492),(242,493),-1,-1;4,(400,545),(471,492),1,-1;4,(400,545),(400,500),0,-1;4,(400,500),(668,500),-1,-1;4,(471,492),(595,492),-1,-1;4,(472,416),(594,416),-1,-1;4,(472,365),(679,365),-1,-1;4,(400,0),(471,53),1,-1;4,(471,53),(596,53),-1,-1;4,(400,0),(400,45),0,-1;4,(400,45),(668,45),-1,-1;4,(44,0),(118,53),1,-1;4,(118,53),(242,52),-1,-1;4,(44,0),(44,45),0,-1;4,(44,45),(313,45),-1,-1
Lslash.sc	1,(50,545),2;2,(50,0),0;14,(246,253),(50,0),(50,545),-1;4,(50,0),(124,53),1,-1;4,(124,53),(248,51),-1,-1;4,(50,0),(50,45),0,-1;4,(246,253),(125,197),-1,-1;4,(246,253),(246,318),1,-1;4,(246,318),(125,262),-1,-1;4,(50,545),(124,492),1,-1;4,(50,545),(50,500),0,-1;4,(50,500),(324,500),-1,-1;4,(124,492),(247,492),-1,-1
Oslash.sc	1,(551,567),2;1,(331,559),2;2,(111,-23),0;2,(331,-14),0;4,(331,-14),(331,37),0,-1;4,(331,559),(331,508),0,-1;14,(197,168),(331,37),(331,508),-1;14,(465,376),(331,508),(331,37),-1
OE.sc	1,(361,559),2;1,(480,545),2;2,(361,-14),0;2,(480,0),0;6,(547,255),(547,306),0;4,(361,-14),(369,37),1,-1;4,(480,0),(549,50),1,-1;4,(549,50),(424,42),-1,-1;4,(480,545),(549,494),1,-1;4,(549,494),(424,503),-1,-1;4,(361,559),(370,508),1,-1
Uogonek.sc	1,(319,545),2;1,(423,545),2;2,(342,-14),0;6,(413,-183),(458,-119),1;4,(319,545),(319,500),0,-1;4,(319,500),(44,500),-1,-1;4,(319,545),(236,491),1,-1;4,(342,-14),(367,61),1,-1;4,(423,545),(506,492),1,-1;4,(423,545),(423,500),0,-1;4,(423,500),(636,500),-1,-1;4,(506,492),(562,492),-1,-1;4,(236,491),(113,493),-1,-1
Uhorn.sc	1,(44,545),2;1,(423,545),2;2,(337,-14),0;4,(337,-14),(370,61),1,-1;4,(423,545),(506,491),1,-1;4,(423,545),(423,500),0,-1;4,(44,545),(113,493),1,-1;4,(44,545),(44,500),0,-1;4,(113,493),(236,491),-1,-1
Eth.sc	1,(50,545),2;2,(50,0),0;14,(246,304),(50,0),(50,545),-1;4,(246,304),(246,255),0,-1;4,(50,0),(124,53),1,-1;4,(124,53),(248,49),-1,-1;4,(50,545),(123,492),1,-1;4,(123,492),(248,495),-1,-1;4,(50,0),(50,45),0,-1;4,(246,255),(125,255),-1,-1;4,(246,304),(125,304),-1,-1;4,(50,545),(50,500),0,-1
Thorn.sc	1,(50,545),2;2,(50,0),0;4,(50,545),(124,492),1,-1;4,(50,545),(50,500),0,-1;4,(50,500),(326,500),-1,-1;4,(124,492),(246,492),-1,-1;14,(246,438),(50,545),(50,0),-1;14,(245,118),(50,0),(50,545),-1;4,(50,0),(124,53),1,-1;4,(124,53),(246,54),-1,-1;4,(50,0),(50,45),0,-1;4,(50,45),(326,45),-1,-1;4,(245,118),(245,168),0,-1;4,(246,438),(245,390),0,-1
Schwa.sc	1,(296,559),2;2,(310,-14),0;6,(440,254),(439,303),0;4,(296,559),(278,498),1,-1;4,(310,-14),(311,37),1,-1
Gamma.sc	1,(50,545),2;2,(50,0),0;4,(50,0),(50,45),0,-1;4,(50,0),(124,53),1,-1;4,(50,545),(123,492),1,-1;4,(50,545),(50,500),0,-1;4,(123,492),(248,494),-1,-1;4,(124,53),(247,53),-1,-1;4,(50,45),(327,45),-1,-1
Delta.sc	1,(263,547),2;2,(37,0),0;14,(264,433),(37,0),(263,547),-1;4,(37,0),(106,87),-2,-1
Theta.sc	1,(331,559),2;2,(331,-14),0;6,(384,239),(383,316),0;4,(331,-14),(331,37),0,-1;4,(331,559),(331,508),0,-1
Lambda.sc	1,(264,547),2;2,(586,0),0;2,(206,0),0;4,(586,0),(529,51),0,-1;4,(586,0),(586,45),1,-1;4,(586,45),(318,43),-1,-1;4,(529,51),(399,53),-1,0;14,(267,413),(8,0),(264,547),-1;4,(399,53),(129,55),-1,0;4,(318,43),(206,43),-1,-1;4,(206,43),(8,45),-1,-1;4,(129,55),(76,55),-1,0
Xi.sc	1,(57,545),2;2,(493,0),0;6,(359,240),(359,318),0;4,(57,545),(488,386),-2,-1;4,(57,545),(417,456),-2,-1;4,(488,386),(110,386),-1,-1;4,(110,386),(50,386),-1,-1;4,(493,0),(38,159),-2,-1;4,(493,0),(109,89),-2,-1;4,(38,159),(440,159),-1,-1
Pi.sc	1,(50,545),2;2,(50,0),0;2,(392,0),0;4,(50,545),(123,492),1,-1;4,(123,492),(247,493),-1,-1;4,(50,0),(124,53),1,-1;4,(124,53),(248,52),-2,-1;4,(50,0),(50,45),0,-1;4,(50,45),(318,45),-1,-1;4,(50,545),(50,500),0,-1;4,(50,500),(660,500),-1,-1;4,(247,493),(587,492),-1,-1;4,(392,0),(464,53),1,-1;4,(464,53),(588,53),-1,-1;4,(392,0),(392,45),0,-1;4,(392,45),(660,45),-1,-1
Sigma.sc	1,(37,545),2;2,(466,0),0;4,(37,545),(166,494),1,-1;14,(210,267),(30,0),(37,545),-1;4,(210,267),(313,292),-1,-1;4,(466,0),(142,93),-2,-1;4,(37,545),(37,507),0,-1
Phi.sc	1,(222,554),2;2,(222,-8),0;4,(222,554),(299,501),1,-1;4,(299,501),(300,461),-2,-1;4,(222,554),(222,510),0,-1;4,(222,510),(485,510),-1,-1;4,(299,501),(409,501),-1,-1;4,(300,461),(408,461),-1,-1;4,(222,-8),(300,45),1,-1;4,(300,45),(300,88),-2,-1;4,(300,88),(408,88),-1,-1;4,(300,45),(408,46),-1,-1;4,(222,-8),(222,36),0,-1;4,(222,36),(485,36),-1,-1;4,(300,88),(301,137),0,-1;4,(300,461),(301,411),0,-1;4,(301,137),(407,137),-1,-1;4,(301,411),(407,411),-1,-1
Psi.sc	1,(10,545),2;1,(240,545),2;1,(712,545),2;2,(228,0),0;6,(304,200),(304,249),0;4,(10,545),(10,500),0,-1;4,(240,545),(302,493),1,-1;4,(240,545),(240,500),0,-1;4,(240,500),(482,500),-1,-1;4,(302,493),(419,493),-1,-1;4,(304,249),(418,249),-1,-1;4,(712,545),(712,500),0,-1;4,(304,200),(418,200),-1,-1;4,(228,0),(303,53),1,-1;4,(303,53),(419,53),-1,-1;4,(228,0),(228,45),0,-1;4,(228,45),(493,45),-1,-1
Omega.sc	1,(340,559),2;2,(630,0),0;2,(301,0),0;4,(301,0),(301,76),-2,-1;4,(301,76),(220,83),-1,-1;4,(301,76),(379,76),-1,-1;4,(379,76),(459,83),-1,-1;4,(340,559),(340,508),0,-1
zero.sc	1,(249,557),2;2,(249,-12),0;4,(249,-12),(249,35),0,-1;4,(249,557),(249,510),0,-1
one.sc	1,(318,553),2;2,(97,0),0;4,(318,553),(214,466),1,-1;4,(214,466),(113,508),-1,-1;4,(97,0),(213,63),0,-1;4,(213,63),(328,63),-1,-1;4,(97,0),(97,38),0,-1;4,(97,38),(443,38),-1,-1;4,(113,508),(113,462),0,-1
two.sc	1,(256,557),2;2,(66,0),0;4,(66,0),(159,93),-2,-1;4,(159,93),(66,71),-1,-1;4,(256,557),(219,510),0,-1
three.sc	1,(249,557),2;2,(240,-12),0;6,(177,310),(177,259),1;4,(249,557),(224,510),0,-1;14,(320,287),(177,259),(177,310),-1;4,(240,-12),(213,35),0,-1
four.sc	1,(289,551),2;2,(263,0),0;6,(263,143),(263,220),1;4,(263,143),(367,143),-1,-1;4,(263,220),(97,220),-1,-1;4,(97,220),(27,207),-1,-1;4,(263,220),(367,220),-1,-1;14,(263,438),(289,551),(263,0),-1
five.sc	1,(123,545),2;2,(229,-12),0;6,(206,277),(243,341),1;4,(229,-12),(209,35),0,-1;4,(123,545),(173,452),-2,-1
six.sc	1,(406,557),2;2,(254,-12),0;6,(248,276),(285,337),1;4,(406,557),(412,517),1,-1;14,(160,247),(254,-12),(406,557),-1;4,(160,247),(163,291),0,-1;4,(254,-12),(255,35),0,-1
seven.sc	1,(458,545),2;2,(247,0),0;4,(458,545),(375,452),-2,-1;4,(375,452),(458,487),-1,-1
eight.sc	1,(255,557),2;2,(246,-12),0;14,(175,258),(255,557),(246,-12),-1;14,(318,301),(246,-12),(255,557),-1;4,(318,301),(274,321),-1,-1;4,(255,557),(252,510),0,-1;4,(246,-12),(252,34),0,-1;4,(175,258),(218,237),-1,-1
nine.sc	1,(238,557),2;2,(95,-16),0;6,(210,214),(248,274),1;4,(95,-16),(85,27),0,-1;14,(318,247),(95,-16),(238,557),-1;4,(318,247),(324,296),1,-1;4,(238,557),(236,510),0,-1
Be.sc	1,(49,545),2;2,(49,0),0;6,(244,272),(244,322),0;4,(49,0),(49,45),0,-1;4,(49,0),(123,53),1,-1;4,(49,545),(122,492),1,-1;4,(49,545),(49,500),0,-1;4,(49,500),(246,494),-1,-1;4,(49,45),(246,49),-1,-1
De.sc	8,(74,-150),0;1,(141,545),2;2,(97,0),0;4,(97,0),(54,52),1,-1;4,(141,545),(220,489),1,-1;4,(141,545),(141,500),0,-1;4,(141,500),(587,500),-1,-1;4,(220,489),(515,492),-1,-1;4,(54,52),(135,52),-1,-1;4,(135,52),(514,52),-1,-1;4,(74,-150),(534,-150),-1,-1;4,(141,500),(283,493),-1,-1
Zhe.sc	1,(101,560),2;1,(743,560),2;1,(292,545),2;2,(292,0),0;2,(5,0),0;2,(92,-11),0;2,(839,0),0;2,(752,-11),0;6,(366,247),(366,295),1;4,(292,0),(292,45),0,-1;4,(292,0),(365,53),1,-1;4,(5,0),(5,45),0,-1;14,(264,274),(366,247),(366,295),-1;4,(101,560),(148,445),-2,-1;4,(292,545),(365,492),1,-1;4,(292,545),(292,500),0,-1;4,(292,500),(552,500),-1,-1;4,(365,492),(479,492),-1,-1;4,(366,295),(478,295),-1,-1;4,(743,560),(696,444),-2,-1;4,(264,274),(581,274),-1,-1;4,(839,0),(839,45),0,-1;4,(366,247),(478,247),-1,-1;4,(365,53),(479,53),-1,-1;4,(292,45),(552,45),-1,-1
Ze.sc	1,(251,559),2;2,(239,-14),0;6,(220,254),(214,307),1;4,(239,-14),(213,37),1,-1;4,(251,559),(221,508),1,-1;14,(322,287),(214,307),(220,254),-1
Icyr.sc	1,(50,545),2;1,(416,545),2;2,(50,0),0;2,(416,0),0;4,(50,0),(50,45),0,-1;4,(50,0),(124,53),1,-1;4,(50,545),(124,492),1,-1;4,(50,545),(50,500),0,-1;4,(50,500),(318,500),-1,-1;4,(124,492),(245,492),-1,-1;4,(416,545),(493,492),1,-1;4,(416,545),(416,500),0,-1;4,(416,500),(685,500),-1,-1;4,(493,492),(612,492),-1,-1;4,(416,0),(490,53),1,-1;4,(490,53),(612,53),-1,-1;4,(416,0),(416,45),0,-1;4,(416,45),(685,45),-1,-1;4,(124,53),(242,53),-1,-1;4,(50,45),(318,45),-1,-1
Ka.sc	1,(50,545),2;1,(522,560),2;2,(50,0),0;2,(615,0),0;2,(527,-11),0;6,(246,245),(246,294),0;4,(50,0),(50,45),0,-1;4,(50,0),(124,53),1,-1;4,(50,545),(124,492),1,-1;4,(50,545),(50,500),0,-1;4,(50,500),(318,500),-1,-1;4,(124,492),(247,493),-1,-1;4,(522,560),(469,446),-2,-1;14,(354,273),(246,294),(246,245),-1;4,(615,0),(615,45),0,-1;4,(124,53),(248,52),-1,-1;4,(50,45),(318,45),-1,-1
El.sc	1,(139,545),2;2,(87,-13),0;2,(322,0),0;4,(87,-13),(134,87),-2,-1;4,(139,545),(216,489),1,-1;4,(139,545),(139,500),0,-1;4,(139,500),(592,500),-1,-1;4,(216,489),(520,492),-1,-1;4,(322,0),(396,53),1,-1;4,(396,53),(520,53),-1,-1;4,(322,0),(322,45),0,-1;4,(322,45),(592,45),-1,-1;4,(139,500),(273,493),-1,-1
Pe.sc	1,(50,545),2;2,(50,0),0;2,(395,0),0;4,(50,0),(50,45),0,-1;4,(50,0),(124,53),1,-1;4,(50,545),(123,492),1,-1;4,(50,545),(50,500),0,-1;4,(50,500),(663,500),-1,-1;4,(123,492),(248,495),-1,-1;4,(248,495),(590,492),-1,-1;4,(395,0),(466,53),1,-1;4,(466,53),(590,53),-1,-1;4,(395,0),(395,45),0,-1;4,(395,45),(663,45),-1,-1;4,(124,53),(248,52),-1,-1;4,(50,45),(318,45),-1,-1
Ucyr.sc	1,(16,545),2;1,(371,545),2;2,(172,-14),0;4,(16,545),(16,500),0,-1;4,(16,500),(276,500),-1,-1;4,(16,545),(74,493),1,-1;4,(74,493),(206,492),-1,-1;14,(326,242),(172,-14),(16,545),-1;4,(371,545),(433,490),1,-1;4,(371,545),(371,500),0,-1;4,(371,500),(562,500),-1,-1;4,(433,490),(498,490),-1,-1;4,(172,-14),(235,66),-2,-1
Ef.sc	1,(208,554),2;2,(208,-9),0;4,(208,554),(285,501),1,-1;4,(285,501),(286,458),-2,-1;4,(208,554),(208,510),0,-1;4,(208,510),(476,510),-1,-1;4,(285,501),(397,501),-1,-1;4,(286,458),(397,458),-1,-1;4,(208,-9),(286,45),1,-1;4,(286,45),(286,83),-2,-1;4,(286,83),(397,83),-1,-1;4,(286,45),(397,45),-1,-1;4,(208,-9),(208,35),0,-1;4,(208,35),(476,35),-1,-1;4,(286,83),(287,129),0,-1;4,(286,458),(287,413),0,-1;4,(287,129),(396,129),-1,-1;4,(287,413),(396,413),-1,-1
Tse.sc	1,(50,545),2;1,(392,545),2;2,(50,0),0;4,(50,0),(123,53),0,-1;4,(50,545),(50,500),1,-1;4,(50,500),(316,500),-1,-1;4,(123,53),(247,52),-1,-1;4,(247,52),(461,52),-1,-1;4,(316,500),(392,500),-1,-1;4,(392,500),(659,500),-1,-1;4,(461,52),(585,52),-1,-1;4,(585,52),(675,52),-1,-1
Che.sc	1,(24,545),2;1,(336,545),2;2,(328,0),0;6,(281,212),(320,269),0;4,(24,545),(24,500),0,-1;4,(24,500),(285,500),-1,-1;4,(24,545),(88,493),1,-1;4,(88,493),(210,492),-1,-1;4,(210,492),(405,492),-1,-1;4,(285,500),(336,500),-1,-1;4,(336,500),(604,500),-1,-1;4,(405,492),(530,492),-1,-1;4,(328,0),(406,53),1,-1;4,(406,53),(531,53),-1,-1;4,(328,0),(328,45),0,-1;4,(328,45),(604,45),-1,-1
Sha.sc	1,(48,545),2;1,(359,545),2;1,(657,545),2;2,(48,0),0;4,(48,0),(48,45),0,-1;4,(48,0),(122,53),1,-1;4,(48,545),(123,492),1,-1;4,(48,545),(48,500),0,-1;4,(48,500),(309,500),-1,-1;4,(123,492),(247,493),-1,-1;4,(122,53),(246,52),-1,-1;4,(246,52),(421,52),-1,-1;4,(247,493),(421,493),-1,-1;4,(309,500),(359,500),-1,-1;4,(359,500),(608,500),-1,-1;4,(421,493),(544,493),-1,-1;4,(421,52),(545,52),-1,-1;4,(545,52),(720,52),-1,-1;4,(544,493),(719,493),-1,-1;4,(608,500),(657,500),-1,-1;4,(657,500),(918,500),-1,-1;4,(719,493),(843,492),-1,-1;4,(720,52),(843,53),-1,0;4,(48,45),(918,45),-1,-1
Shcha.sc	8,(858,-150),0;1,(48,545),2;1,(359,545),2;1,(657,545),2;2,(48,0),0;4,(48,0),(48,45),0,-1;4,(48,0),(122,53),1,-1;4,(48,545),(123,492),1,-1;4,(48,545),(48,500),0,-1;4,(48,500),(309,500),-1,-1;4,(123,492),(247,493),-1,-1;4,(122,53),(246,52),-1,-1;4,(246,52),(421,52),-1,-1;4,(247,493),(421,493),-1,-1;4,(309,500),(359,500),-1,-1;4,(359,500),(608,500),-1,-1;4,(421,493),(544,493),-1,-1;4,(421,52),(545,52),-1,-1;4,(545,52),(719,52),-1,-1;4,(544,493),(720,493),-1,-1;4,(608,500),(657,500),-1,-1;4,(657,500),(918,500),-1,-1;4,(720,493),(843,492),-1,-1;4,(719,52),(843,52),-1,-1;4,(843,52),(933,52),-1,-1
Hard.sc	1,(429,545),2;2,(159,0),0;6,(355,277),(355,327),0;4,(159,0),(159,45),0,-1;4,(159,0),(232,53),1,-1;4,(429,545),(356,493),1,-1;4,(356,493),(232,494),-1,-1;4,(429,545),(429,500),0,-1;4,(159,45),(357,49),-1,-1
Yeru.sc	1,(50,545),2;1,(549,545),2;2,(549,0),0;2,(50,0),0;6,(246,277),(246,327),1;4,(50,0),(50,45),0,-1;4,(50,0),(123,53),1,-1;4,(50,545),(123,492),1,-1;4,(50,545),(50,500),0,-1;4,(50,500),(322,500),-1,-1;4,(123,492),(247,492),-1,-1;4,(549,0),(549,45),0,-1;4,(549,0),(622,53),1,-1;4,(549,545),(621,492),0,-1;4,(549,545),(549,500),0,-1;4,(549,500),(820,500),-1,-1;4,(621,492),(746,492),-1,-1;4,(622,53),(747,53),-1,-1;4,(549,45),(820,45),-1,-1;4,(50,45),(248,49),-1,-1
Soft.sc	1,(50,545),2;2,(50,0),0;6,(246,277),(246,327),0;4,(50,0),(50,45),0,-1;4,(50,0),(124,53),1,-1;4,(50,545),(124,492),1,-1;4,(50,545),(50,500),0,-1;4,(50,500),(327,500),-1,-1;4,(124,492),(247,492),-1,-1;4,(50,45),(248,49),-1,-1
Ecyr.sc	1,(229,559),2;2,(226,-14),0;6,(395,252),(394,302),0;4,(226,-14),(222,37),1,-1;4,(229,559),(220,508),1,-1
Yu.sc	1,(50,545),2;1,(618,559),2;2,(50,0),0;2,(618,-14),0;6,(356,253),(357,302),0;4,(50,0),(124,53),1,-1;4,(124,53),(241,53),-1,-1;4,(50,0),(50,45),0,-1;4,(50,45),(314,45),-1,-1;4,(50,545),(124,492),1,-1;4,(50,545),(50,500),0,-1;4,(50,500),(314,500),-1,-1;4,(124,492),(241,492),-1,-1;4,(618,-14),(618,37),1,-1;4,(618,559),(618,508),1,-1
Ya.sc	1,(559,545),2;2,(-3,0),0;2,(290,0),0;2,(84,-9),0;6,(363,243),(363,291),0;4,(559,545),(559,500),0,-1;4,(559,500),(361,496),-1,-1;4,(-3,0),(-3,45),0,-1;14,(206,264),(363,291),(363,243),-1;4,(559,545),(485,492),1,-1;4,(290,0),(361,53),1,-1;4,(361,53),(485,53),-1,-1;4,(290,0),(290,45),0,-1;4,(290,45),(559,45),-1,-1
Dje.sc	1,(32,545),2;2,(128,0),0;6,(405,-52),(392,-9),0;6,(331,271),(331,321),0;4,(32,545),(110,494),1,-1;4,(110,494),(333,494),-1,-1;4,(128,0),(128,45),0,-1;4,(128,0),(210,53),1,-1
Ieukran.sc	1,(343,559),2;2,(344,-14),0;6,(317,252),(316,302),0;4,(343,559),(354,508),1,-1;4,(344,-14),(352,37),1,-1
Lje.sc	1,(139,545),2;2,(85,-13),0;2,(323,0),0;6,(519,277),(519,327),0;4,(85,-13),(134,87),-2,-1;4,(139,545),(217,489),1,-1;4,(139,545),(139,500),0,-1;4,(139,500),(592,500),-1,-1;4,(217,489),(520,492),-1,-1;4,(323,0),(323,45),0,-1;4,(323,0),(396,53),1,-1;4,(139,500),(273,493),-1,-1;4,(323,45),(521,49),-1,-1
Nje.sc	1,(50,545),2;1,(394,545),2;2,(50,0),0;2,(394,0),0;6,(465,273),(465,322),0;4,(50,0),(124,53),1,-1;4,(124,53),(248,52),-1,-1;4,(50,0),(50,45),0,-1;4,(50,45),(316,45),-1,-1;4,(50,545),(124,492),1,-1;4,(50,545),(50,500),0,-1;4,(50,500),(316,500),-1,-1;4,(124,492),(247,493),-1,-1;4,(394,545),(463,492),1,-1;4,(394,545),(394,500),0,-1;4,(394,500),(668,500),-1,-1;4,(463,492),(587,491),-1,-1;4,(465,322),(586,326),-1,-1;4,(394,0),(394,45),0,-1;4,(394,0),(464,53),1,-1;4,(394,45),(588,49),-1,-1;4,(465,273),(586,276),-1,-1
Tshe.sc	1,(32,545),2;2,(140,0),0;2,(694,0),0;6,(345,276),(345,325),0;4,(32,545),(110,494),1,-1;4,(110,494),(347,494),-1,-1;4,(694,0),(639,52),1,-1;4,(694,0),(694,45),0,-1;4,(140,0),(223,53),1,-1;4,(223,53),(346,53),-1,-1;4,(140,0),(140,45),0,-1;4,(140,45),(428,45),-1,-1
Dzhe.sc	8,(320,-177),0;1,(50,545),2;1,(392,545),2;2,(50,0),0;4,(50,0),(50,45),0,-1;4,(50,0),(123,53),1,-1;4,(50,545),(124,492),1,-1;4,(50,545),(50,500),0,-1;4,(50,500),(316,500),-1,-1;4,(124,492),(248,493),-1,-1;4,(123,53),(247,52),-1,-1;4,(392,545),(462,493),1,-1;4,(392,545),(392,500),0,-1;4,(392,500),(659,500),-1,-1;4,(462,493),(586,492),-1,-1;4,(247,52),(585,53),-1,-1;4,(50,45),(659,45),-1,-1
Fita.sc	1,(331,559),2;2,(331,-14),0;6,(482,254),(481,304),0;4,(331,559),(331,508),1,-1;4,(331,-14),(331,37),1,-1
Gheup.sc	8,(431,663),0;1,(50,545),2;2,(50,0),0;4,(50,0),(50,45),0,-1;4,(50,0),(124,53),1,-1;4,(50,545),(123,492),1,-1;4,(50,545),(50,500),0,-1;4,(123,492),(248,494),-1,-1;4,(124,53),(247,53),-1,-1;4,(50,45),(327,45),-1,-1
Ghestroke.sc	1,(50,545),2;2,(50,0),0;6,(125,253),(125,303),0;4,(50,545),(123,492),1,-1;4,(50,545),(50,500),0,-1;4,(123,492),(248,494),-1,-1;4,(125,303),(246,303),-1,-1;4,(125,253),(246,253),-1,-1;4,(50,0),(124,53),1,-1;4,(124,53),(247,53),-1,-1;4,(50,0),(50,45),0,-1;4,(50,45),(327,45),-1,-1
Zhedescender.sc	8,(777,-150),0;1,(101,560),2;1,(743,560),2;1,(292,545),2;2,(292,0),0;2,(5,0),0;2,(92,-11),0;2,(761,-11),0;6,(366,247),(366,295),1;4,(292,0),(292,45),0,-1;4,(292,0),(365,53),1,-1;4,(5,0),(5,45),0,-1;14,(264,274),(366,247),(366,295),-1;4,(101,560),(148,445),-2,-1;4,(292,545),(365,492),1,-1;4,(292,545),(292,500),0,-1;4,(292,500),(552,500),-1,-1;4,(365,492),(479,492),-1,-1;4,(366,295),(478,295),-1,-1;4,(743,560),(696,444),-2,-1;4,(264,274),(581,274),-1,-1;4,(292,45),(552,45),-1,-1;4,(552,45),(848,45),-1,-1;4,(366,247),(478,247),-1,-1;4,(365,53),(479,53),-1,-1
Kadescender.sc	8,(549,-150),0;1,(50,545),2;1,(522,560),2;2,(50,0),0;2,(533,-11),0;6,(246,245),(246,294),0;4,(50,0),(50,45),0,-1;4,(50,0),(124,53),1,-1;4,(50,545),(124,492),1,-1;4,(50,545),(50,500),0,-1;4,(50,500),(318,500),-1,-1;4,(124,492),(247,493),-1,-1;4,(522,560),(469,446),-2,-1;14,(354,273),(246,294),(246,245),-1;4,(50,45),(620,46),-1,-1;4,(124,53),(318,45),-1,-1;4,(50,45),(318,0),-1,-1
Endescender.sc	8,(616,-150),0;1,(50,545),2;1,(407,545),2;2,(50,0),0;2,(407,0),0;6,(246,253),(246,303),0;4,(50,545),(124,492),1,-1;4,(50,545),(50,500),0,-1;4,(50,500),(318,500),-1,-1;4,(124,492),(247,493),-1,-1;4,(247,493),(478,492),-1,-1;4,(318,500),(407,500),-1,-1;4,(407,500),(675,500),-1,-1;4,(478,492),(601,492),-1,-1;4,(50,0),(124,53),1,-1;4,(124,53),(248,52),-1,-1;4,(248,52),(478,53),-1,-1;4,(478,53),(601,54),-1,-1;4,(50,0),(50,45),0,-1;4,(50,45),(318,45),-1,-1;4,(318,45),(407,45),-1,-1;4,(407,45),(686,46),-1,-1
Ustraightstroke.sc	1,(14,545),2;1,(364,545),2;2,(142,0),0;6,(480,189),(480,238),1;4,(142,0),(224,53),1,-1;4,(224,53),(348,53),-1,-1;4,(142,0),(142,45),0,-1;4,(142,45),(431,45),-1,-1;4,(480,189),(225,189),-1,-1;4,(480,238),(88,238),-1,-1;4,(14,545),(76,494),1,-1;4,(14,545),(14,500),0,-1;4,(14,500),(288,500),-1,-1;4,(76,494),(215,492),-1,-1;14,(321,273),(142,0),(14,545),-1;4,(364,545),(430,491),1,-1;4,(364,545),(364,500),0,-1;4,(364,500),(558,500),-1,-1;4,(430,491),(486,489),-1,-1
Hadescender.sc	8,(519,-150),0;1,(14,545),2;1,(355,545),2;2,(7,0),0;2,(300,0),0;4,(7,0),(7,45),0,-1;4,(7,0),(87,53),1,-1;4,(14,545),(86,492),1,-1;4,(14,545),(14,500),0,-1;4,(14,500),(281,500),-1,-1;4,(86,492),(220,493),-1,-1;14,(317,344),(87,53),(86,492),-1;4,(220,493),(416,493),-1,-1;4,(281,500),(355,500),-1,-1;4,(355,500),(551,500),-1,-1;4,(416,493),(479,492),-1,-1;4,(87,53),(149,52),-1,-1;4,(149,52),(372,53),-1,-1;4,(372,53),(505,53),-1,-1;4,(7,45),(205,45),-1,-1;4,(205,45),(300,45),-1,-1;4,(300,45),(590,46),-1,-1;14,(264,217),(87,53),(86,492),-1
