#Glyph name	TT hints
A	1,16,3;2,13,0;2,5,0;4,16,1,-1,-1;4,13,15,1,-1;14,2,16,15,0;4,5,6,0,-1;4,6,3,-1,-1;4,5,7,1,-1;4,2,9,0,-1;4,15,10,-1,-1;4,13,14,0,-1;4,14,11,-1,-1;4,7,18,-1,-1
B	1,50,3;1,24,3;2,39,0;2,38,0;6,7,14,0;4,38,0,0,-1;4,24,11,0,-1;14,30,7,14,-1;4,39,40,0,-1;4,39,41,1,-1;4,50,48,1,-1;4,50,49,0,-1
C	1,14,3;2,4,0;4,14,23,0,-1;4,4,33,0,-1
D	1,37,3;2,26,0;4,37,35,1,-1;4,35,9,-1,-1;4,26,28,1,-1;4,28,16,-1,-1;4,26,27,-2,-1;4,37,36,0,-1
E	1,14,3;1,13,3;2,2,0;2,1,0;4,2,3,0,-1;4,1,32,1,-1;4,32,4,-1,-1;4,14,17,1,-1;4,17,11,-1,-1;4,13,12,0,-1;14,28,2,13,-1;4,28,21,0,-1
F	1,27,3;2,16,0;6,30,6,0;4,27,25,1,-1;4,25,0,-1,-1;14,10,16,27,-1;4,10,3,0,-1;4,10,8,-2,-1;4,16,18,1,-1;4,18,13,-1,-1;4,16,17,0,-1;4,17,14,-1,-1;4,27,26,0,-1
G	1,20,3;2,10,0;6,47,48,0;4,47,0,-1,-1;4,48,46,1,-1;4,46,1,-1,-1;4,20,29,1,-1;4,10,39,1,-1
H	1,33,3;1,45,3;2,22,0;2,10,0;6,16,39,0;4,33,31,1,-1;4,31,36,-1,-1;4,36,43,-1,-1;4,43,0,-1,-1;4,22,24,1,-1;4,24,19,-1,-1;4,19,12,-1,-1;4,12,7,-1,-1;4,22,23,0,-1;4,23,20,-1,-1;4,20,11,-1,-1;4,11,8,-1,-1;4,33,32,0,-1;4,32,35,-1,-1;4,35,44,-1,-1;4,44,47,-1,-1
I	1,21,3;2,10,0;4,21,19,1,-1;4,19,0,-1,-1;4,10,12,1,-1;4,12,7,-1,-1;4,10,11,0,-1;4,11,8,-1,-1;4,21,20,0,-1;4,20,23,-1,-1
J	1,38,3;6,15,24,1;4,38,37,0,-1;4,37,0,-1,-1;4,38,36,1,-1;4,36,1,-1,-1;4,24,20,-2,-1
K	1,23,3;1,33,3;2,12,0;2,2,0;4,12,13,0,-1;4,13,10,-1,-1;4,10,3,-1,-1;4,3,0,-1,-1;4,12,14,1,-1;4,14,9,-1,-1;4,9,4,-1,-1;14,5,2,33,-1;14,6,12,23,-1;4,23,21,1,-1;4,23,22,0,-1;4,22,25,-1,-1;4,21,26,-1,-1;14,30,12,23,-1;4,26,31,-1,-1;4,25,32,-1,-1;4,32,35,-1,-1;4,31,36,-1,-1;14,37,2,33,-1;4,4,38,-1,-1
L	1,13,3;2,2,0;4,2,3,0,-1;4,2,4,1,-1;4,13,11,1,-1;4,13,12,0,-1;4,12,15,-1,-1;4,11,16,-1,-1;4,4,23,-1,-1
M	1,28,3;1,31,3;2,23,0;2,18,0;2,10,0;4,28,26,1,-1;4,26,0,-1,-1;4,10,12,1,-1;4,12,7,-1,-1;4,10,11,0,-1;4,11,8,-1,-1;14,16,10,31,-1;14,19,28,23,-1;4,23,25,1,-1;4,25,20,-1,-1;4,23,24,0,-1;4,24,21,-1,-1;4,28,27,0,-1;14,30,23,28,-1;4,31,33,0,-1
N	1,19,3;1,14,3;2,3,0;2,8,0;4,14,13,0,-1;4,13,18,-1,-1;4,18,0,-1,-1;4,14,12,1,-1;4,12,17,-1,-1;4,17,1,-1,-1;14,4,8,14,-1;4,8,10,1,-1;4,10,5,-1,-1;4,8,9,0,-1;4,9,6,-1,-1;14,16,19,3,-1
O	1,20,3;2,30,0;4,30,5,0,-1;4,20,15,0,-1
P	1,31,3;2,20,0;4,31,29,1,-1;4,29,0,-1,-1;14,4,20,31,-1;4,4,14,0,-1;4,20,22,1,-1;4,22,17,-1,-1;4,20,21,0,-1;4,21,18,-1,-1;4,31,30,0,-1
Q	1,38,3;2,28,0;2,48,0;6,23,53,0;4,48,5,0,-1;4,38,15,0,-1
R	1,44,3;2,32,0;2,17,0;2,14,0;6,27,12,0;4,44,42,1,-1;4,42,9,-1,-1;4,17,13,1,-1;4,32,30,1,-1;4,32,31,0,-1;4,31,34,-1,-1;4,30,35,-1,-1;4,44,43,0,-1;14,53,12,27,-1;4,13,57,-1,-1
S	1,38,3;2,10,0;4,38,49,0,-1;4,10,19,0,-1;14,0,49,19,-1;14,30,19,49,-1
T	1,23,3;2,10,0;4,23,19,1,-1;4,19,0,-1,-1;4,10,12,1,-1;4,12,7,-1,-1;4,10,11,0,-1;4,11,8,-1,-1
U	1,16,3;1,36,3;2,5,0;4,16,15,0,-1;4,15,18,-1,-1;4,18,35,-1,-1;4,35,0,-1,-1;4,16,14,1,-1;4,14,19,-1,-1;4,19,34,-1,-1;4,34,1,-1,-1;4,5,28,1,-1
V	1,6,3;1,13,3;2,3,0;4,6,5,0,-1;4,5,8,-1,-1;4,8,12,-1,-1;4,12,0,-1,-1;4,6,4,1,-1;4,4,9,-1,-1;4,9,11,-1,-1;4,11,1,-1,-1;14,10,13,3,-1
W	1,16,3;1,23,3;1,9,3;2,6,0;2,3,0;4,9,8,0,-1;4,8,11,-1,-1;4,11,15,-1,-1;4,15,18,-1,-1;4,18,22,-1,-1;4,22,0,-1,-1;4,9,7,1,-1;4,7,12,-1,-1;4,12,14,-1,-1;4,14,19,-1,-1;4,19,21,-1,-1;4,21,1,-1,-1;14,13,6,16,-1;14,20,3,23,-1
X	1,15,3;1,22,3;2,9,0;2,2,0;4,9,10,0,-1;4,10,7,-1,-1;4,7,3,-1,-1;4,3,0,-1,-1;4,9,11,1,-1;4,11,6,-1,-1;4,6,4,-1,-1;4,15,13,1,-1;14,5,11,13,-1;4,15,14,0,-1;4,14,17,-1,-1;4,13,18,-1,-1;14,19,11,13,-1;4,18,20,-1,-1;4,17,21,-1,-1;4,21,24,-1,-1;4,20,25,-1,-1;4,4,27,-1,-1
Y	1,20,3;1,27,3;2,9,0;4,9,11,1,-1;4,11,6,-1,-1;4,9,10,0,-1;4,10,7,-1,-1;4,20,18,1,-1;4,20,19,0,-1;4,19,22,-1,-1;4,18,23,-1,-1;14,24,11,18,-1;4,23,25,-1,-1;4,22,26,-1,-1;4,26,29,-1,-1;4,25,30,-1,-1
Z	1,9,3;2,2,0;4,2,11,1,-1;4,11,3,-1,-1;4,9,4,1,-1;4,4,10,-1,-1
a	1,50,0;2,23,0;2,17,0;14,32,23,50,-1;4,32,0,0,-1;4,23,10,1,-1;4,50,38,0,-1;14,45,23,50,-1;4,17,57,1,-1
b	1,20,0;1,46,4;2,30,0;2,35,0;2,34,0;14,0,30,20,-1;4,30,3,0,-1;4,20,13,0,-1;14,16,20,30,-1;4,35,36,0,-1;4,35,37,1,-1;4,46,43,1,-1;4,43,45,0,-1
c	1,13,0;2,3,0;4,13,24,0,-1;4,3,34,1,-1
d	1,40,4;1,33,0;2,23,0;2,18,0;14,36,33,23,-1;4,36,0,0,-1;4,33,3,1,-1;4,23,13,1,-1;14,20,23,33,-1;4,20,16,0,-1;4,18,17,0,-1;4,40,37,1,-1;4,37,39,0,-1;4,18,43,1,-1
e	1,35,0;2,25,0;4,35,8,0,-1;4,25,19,0,-1;14,13,35,19,0;4,13,14,0,-1
f	1,6,4;1,22,0;2,32,0;4,22,0,-1,-1;4,6,15,1,-1;4,22,25,1,-1;4,32,29,1,-1;4,32,33,0,-1;4,33,30,-1,-1;4,29,34,-1,-1;4,25,38,-1,-1;4,0,40,-1,-1
g	1,79,0;2,58,1;2,12,0;6,39,0,0;4,79,6,0,-1;4,58,21,0,-1;4,12,49,1,-1;4,12,66,-1,-1
h	1,44,0;1,38,4;2,27,0;2,2,0;4,27,28,0,-1;4,28,25,-1,-1;4,25,3,-1,-1;4,3,0,-1,-1;4,27,29,1,-1;4,29,24,-1,-1;4,24,4,-1,-1;4,44,13,0,-1;14,18,44,27,-1;4,38,35,1,-1;4,35,37,0,-1;4,4,55,-1,-1
i	1,28,0;1,6,4;2,14,0;4,28,0,-2,-1;4,14,15,0,-1;4,15,12,-1,-1;4,14,16,1,-1;4,28,25,1,-1;4,25,27,0,-1;4,16,36,-1,-1
j	1,0,0;1,33,4;2,11,1;4,11,20,1,-1;4,0,30,1,-1;4,30,32,0,-1;4,0,39,-2,-1
k	1,29,0;1,23,4;2,12,0;2,2,0;4,12,13,0,-1;4,13,10,-1,-1;4,10,0,-1,-1;14,3,2,29,-1;14,4,12,29,-1;4,12,14,1,-1;4,14,9,-1,-1;4,23,20,1,-1;4,20,22,0,-1;14,26,12,29,-1;4,29,27,0,-1;4,27,32,-1,-1;14,33,2,29,-1;4,9,34,-1,-1
l	1,13,4;2,2,0;4,2,3,0,-1;4,3,0,-1,-1;4,2,4,1,-1;4,13,10,1,-1;4,10,12,0,-1;4,4,21,-1,-1
m	1,76,0;1,82,0;1,71,0;2,57,0;2,30,0;2,2,0;4,2,3,0,-1;4,3,0,-1,-1;4,2,4,1,-1;4,82,13,1,-1;4,30,32,1,-1;4,32,27,-1,-1;4,30,31,0,-1;4,31,28,-1,-1;4,76,43,1,-1;4,57,59,1,-1;4,59,54,-1,-1;4,57,58,0,-1;4,58,55,-1,-1;4,71,68,1,-1;4,68,70,0,-1;4,4,91,-1,-1
n	1,46,0;1,41,0;2,27,0;2,2,0;4,27,28,0,-1;4,28,25,-1,-1;4,25,3,-1,-1;4,3,0,-1,-1;4,27,29,1,-1;4,29,24,-1,-1;4,24,4,-1,-1;4,46,13,0,-1;14,18,41,27,-1;4,41,38,1,-1;4,38,40,0,-1;14,43,41,27,-1;4,4,57,-1,-1
o	1,20,0;2,30,0;4,20,0,0,-1;4,30,10,0,-1
p	1,20,0;1,56,0;2,30,0;2,41,1;4,30,3,1,-1;4,20,13,1,-1;14,17,20,30,-1;14,33,30,20,-1;4,41,44,1,-1;4,44,39,-1,-1;4,41,40,0,-1;4,40,43,-1,-1;4,56,53,1,-1;4,53,55,0,-1
q	1,38,0;1,42,0;2,28,0;2,19,1;4,38,3,1,-1;4,28,13,1,-1;4,19,20,0,-1;4,20,17,-1,-1;4,19,48,1,-1;4,48,21,-1,-1;14,25,28,38,-1;14,41,38,28,-1
r	1,38,0;1,3,0;2,24,0;4,3,12,1,-1;4,12,8,-2,-1;14,15,3,24,-1;4,24,26,1,-1;4,26,21,-1,-1;4,24,25,0,-1;4,25,22,-1,-1;4,38,35,1,-1;4,35,37,0,-1
s	1,32,0;2,8,0;4,8,17,0,-1;14,20,8,32,-1;4,32,41,0,-1;14,44,32,8,-1
t	8,14,0;1,12,0;1,15,0;2,2,0;4,12,9,0,-1;4,9,18,-1,-1;4,2,22,0,-1
u	1,15,0;1,28,0;2,6,0;2,2,0;2,1,0;4,1,0,0,-1;4,15,12,1,-1;4,12,14,1,-1;4,6,21,1,-1;4,28,25,1,-1;4,25,27,1,-1;4,2,31,1,-1
v	1,6,0;1,13,0;2,3,0;4,6,5,0,-1;4,5,8,-1,-1;4,8,12,-1,-1;4,12,0,-1,-1;4,6,4,1,-1;4,4,9,-1,-1;4,9,11,-1,-1;4,11,1,-1,-1;14,10,3,13,-1
w	1,9,0;1,16,0;1,23,0;2,6,0;2,3,0;4,9,8,0,-1;4,8,11,-1,-1;4,11,15,-1,-1;4,15,18,-1,-1;4,18,22,-1,-1;4,22,0,-1,-1;4,9,7,1,-1;4,7,12,-1,-1;4,12,14,-1,-1;4,14,19,-1,-1;4,19,21,-1,-1;4,21,1,-1,-1;14,13,6,16,-1;14,20,3,23,-1
x	1,15,0;1,22,0;2,9,0;2,2,0;4,9,10,0,-1;4,10,7,-1,-1;4,7,3,-1,-1;4,3,0,-1,-1;4,9,11,0,-1;4,11,6,-1,-1;4,6,4,-1,-1;14,5,2,22,-1;4,5,12,-1,-1;4,15,13,1,-1;4,15,14,0,-1;4,14,17,-1,-1;4,13,18,-1,-1;14,19,22,2,-1;4,18,20,-1,-1;4,17,21,-1,-1;4,21,24,-1,-1;4,20,25,-1,-1;4,19,26,-1,-1;4,4,27,-1,-1
y	1,21,0;1,28,0;2,5,1;4,28,27,0,-1;4,27,0,-1,-1;4,21,19,1,-1;4,19,24,-1,-1;4,24,26,-1,-1;4,26,1,-1,-1;4,5,14,1,-1;14,18,5,21,-1;4,21,20,0,-1;4,20,23,-1,-1;4,18,25,-2,-1
z	1,9,0;2,2,0;4,2,11,0,-1;4,11,3,-1,-1;4,9,4,0,-1;4,4,10,-1,-1
AE	1,21,3;2,6,0;2,15,0;4,6,39,1,-1;14,1,21,39,0;4,21,26,1,-1;4,26,2,-1,-1;4,6,7,0,-1;4,39,8,-1,-1;4,1,11,0,-1;4,8,13,-1,-1;4,7,14,-1,-1;4,14,17,-1,-1;4,13,18,-1,-1;4,2,19,-1,-1;4,21,20,0,-1;14,29,21,39,0;4,29,36,0,-1;14,31,29,36,0;14,34,29,36,0
Lslash	1,16,3;2,2,0;4,2,3,0,-1;4,2,4,1,-1;14,25,2,16,-1;4,25,7,-1,-1;4,25,22,1,-1;4,22,10,-1,-1;4,16,14,1,-1;4,16,15,0,-1;4,15,18,-1,-1;4,14,19,-1,-1;4,4,29,-1,-1
Oslash	1,50,3;1,46,3;2,36,0;2,32,0;4,32,3,0,-1;4,46,15,0,-1;14,11,15,3,-1;14,23,3,15,-1
OE	1,36,3;1,39,3;2,26,0;2,24,0;4,39,44,1,-1;4,44,3,-1,-1;4,36,6,1,-1;4,26,16,1,-1;4,24,57,1,-1;4,57,18,-1,-1;14,54,24,39,-1;4,54,47,0,-1
Uogonek	1,37,3;1,57,3;2,26,0;6,17,10,-2;4,37,36,0,-1;4,36,39,-1,-1;4,39,56,-1,-1;4,56,0,-1,-1;4,37,35,1,-1;4,35,40,-1,-1;4,40,55,-1,-1;4,55,1,-1,-1;4,26,49,0,-1;14,4,49,26,-1
Eth	1,41,3;2,28,0;4,41,39,1,-1;4,39,9,-1,-1;14,12,28,41,-1;4,12,15,0,-1;4,28,30,1,-1;4,30,18,-1,-1;4,28,29,0,-1;4,15,33,-1,-1;4,12,36,-1,-1;4,41,40,0,-1
Thorn	1,28,3;2,17,0;14,34,28,17,-1;4,34,0,0,-1;14,11,17,28,-1;4,11,3,0,-1;4,17,19,1,-1;4,19,14,-1,-1;4,17,18,0,-1;4,18,15,-1,-1;4,28,26,1,-1;4,28,27,0,-1;4,27,30,-1,-1;4,26,31,-1,-1
aogonek	1,56,0;2,29,0;2,23,0;6,17,76,1;14,0,29,56,-1;4,29,10,1,-1;4,0,38,0,-1;4,56,44,0,-1;14,51,29,56,-1;4,23,63,1,-1
ae	1,88,0;1,82,0;2,55,0;2,45,0;6,34,33,0;4,55,0,1,-1;4,34,11,-1,-1;4,88,28,0,-1;4,45,39,1,-1;4,33,64,-1,-1;4,82,70,0,-1;14,77,55,82,-1
dcroat	1,44,4;1,33,0;2,23,0;2,19,0;2,18,0;6,37,40,0;14,0,33,23,-1;4,33,3,1,-1;4,23,13,1,-1;14,16,23,33,-1;4,18,17,0,-1;4,44,41,1,-1;4,41,43,0,-1;4,40,46,-1,-1;4,37,49,-1,-1;4,17,50,-1,-1
eogonek	1,48,0;2,38,0;6,30,23,1;6,56,13,0;4,48,8,0,-1;4,38,61,1,-1
dotlessi	1,16,0;2,2,0;4,2,4,0,-1;4,16,13,1,-1;4,13,15,0,-1;4,4,24,-1,-1
ldot	1,19,4;2,8,0;6,28,22,-1;4,8,10,0,-1;4,10,5,-1,-1;4,19,16,1,-1;4,16,18,0,-1
lslash	1,17,4;2,2,0;4,2,3,0,-1;4,17,14,1,-1;4,14,16,0,-1
oslash	1,43,0;2,29,0;4,43,0,0,-1;14,18,29,43,-1;4,18,7,0,-1;14,8,43,29,-1;4,29,10,0,-1;4,8,17,0,-1
oe	1,65,0;1,75,0;2,55,0;2,45,0;6,34,33,0;4,55,0,0,-1;4,65,10,0,-1;4,75,28,0,-1;4,45,39,1,-1;14,50,55,65,-1;14,70,55,65,-1
germandbls	1,6,4;2,24,0;2,68,0;14,12,6,24,-1;14,18,24,6,-1;4,24,33,0,-1;14,39,24,6,-1;14,47,6,24,-1;4,6,55,0,-1;4,68,70,1,-1;4,70,69,-1,-1
longs	1,6,4;2,30,0;4,6,15,1,-1;4,30,32,1,-1;4,32,27,-1,-1;4,32,31,-1,-1;4,31,28,-1,-1
uogonek	1,36,0;1,23,0;2,14,0;2,41,0;2,9,0;2,10,0;2,42,0;6,3,48,1;14,11,14,36,-1;4,23,21,1,-1;4,21,20,-1,-1;4,14,29,1,-1;4,36,34,1,-1;4,34,33,-1,-1;4,41,39,1,-1;4,39,40,-1,-1
eth	1,51,4;1,38,0;2,28,0;6,44,47,0;4,28,0,0,-1;4,38,10,0,-1;4,44,20,-1,-1;14,41,28,51,-1;4,51,50,0,-1;4,47,54,-1,-1
thorn	1,20,0;1,53,4;2,30,0;2,42,1;14,0,30,20,-1;4,30,3,0,-1;4,20,13,0,-1;14,16,20,30,-1;4,42,44,0,-1;4,44,39,-1,-1;4,53,50,1,-1;4,50,52,0,-1
f_i	1,28,0;1,58,0;1,29,0;1,59,0;1,37,4;1,56,0;2,1,0;2,19,0;4,1,66,1,-1;4,66,0,-1,-1;4,0,3,-1,-1;4,66,4,-1,-1;4,58,12,1,-1;4,56,13,1,-1;4,19,17,1,-1;4,17,18,-1,-1;4,18,21,-1,-1;4,17,22,-1,-1;4,13,26,-1,-1;4,26,27,-1,-1;4,37,48,0,-1
f_l	1,40,0;1,49,4;1,53,4;1,22,0;1,41,0;2,32,0;2,2,0;4,32,34,1,-1;4,34,33,-1,-1;4,33,30,-1,-1;4,30,3,-1,-1;4,3,0,-1,-1;4,34,29,-1,-1;4,29,4,-1,-1;4,49,14,0,-1;4,22,25,1,-1;4,41,38,1,-1;4,4,61,-1,-1
f_t	1,32,4;1,48,0;1,52,0;1,26,0;2,17,0;2,2,0;4,48,10,1,-1;4,17,19,1,-1;4,19,14,-1,-1;4,14,15,-1,-1;4,19,18,-1,-1;4,26,23,1,-1;4,26,25,-1,-1;4,32,41,1,-1;4,52,55,1,-1;4,2,59,1,-1
ampersand	1,66,3;2,49,0;2,41,0;2,39,0;4,49,0,0,-1;14,11,49,66,-1;4,11,76,-1,-1;4,76,19,-1,-1;4,66,27,0,-1;4,41,38,0,-1;4,11,57,-1,-1
zero	1,20,2;2,30,0;4,30,5,0,-1;4,20,15,0,-1
one	1,11,2;2,2,0;4,2,3,0,-1;4,3,0,-1,-1;4,2,4,0,-1;4,11,8,1,-1;4,8,10,-1,-1;4,10,9,0,-1;4,4,17,-1,-1
zero.slash	1,24,2;2,34,0;4,34,3,0,-1;4,24,15,0,-1;14,11,15,3,-1;14,23,3,15,-1
zero.lf	1,20,2;2,30,0;4,30,5,0,-1;4,20,15,0,-1
one.lf	1,11,2;2,2,0;4,2,3,0,-1;4,3,0,-1,-1;4,2,4,0,-1;4,11,8,1,-1;4,8,10,-1,-1;4,10,9,0,-1;4,4,17,-1,-1
two.lf	1,25,2;2,1,0;4,1,32,1,-1;4,32,3,-1,-1;4,25,14,0,-1
three.lf	1,10,2;2,26,0;6,44,45,1;14,18,45,44,-1;4,26,37,0,-1;4,10,54,0,-1
four.lf	1,10,2;2,6,0;6,7,0,1;14,1,10,6,-1;4,0,2,-1,-1;4,7,4,-1,-1;4,2,9,-1,-1;4,0,12,-1,-1
five.lf	1,35,2;2,13,0;6,30,3,1;4,13,24,0,-1;4,35,38,1,-1
six.lf	1,45,2;2,35,0;6,8,27,1;4,35,0,0,-1;14,11,45,35,-1;4,45,19,1,-1
seven.lf	1,0,2;2,2,0;4,0,5,1,-1;4,5,1,-1,-1
eight.lf	1,52,2;2,38,0;4,38,0,0,-1;14,44,38,52,-1;4,44,6,-1,-1;14,28,38,52,-1;4,28,15,-1,-1;4,52,23,0,-1
nine.lf	1,37,2;2,47,0;14,27,47,37,-1;4,27,0,1,-1;4,37,11,0,-1;4,47,21,0,-1
zero.lfslash	1,24,2;2,34,0;4,34,3,0,-1;4,24,15,0,-1;14,11,15,3,-1;14,23,3,15,-1
zero.tosf	1,0,1;2,10,0;4,10,25,0,-1;4,0,35,0,-1
one.tosf	1,11,1;2,2,0;4,2,3,0,-1;4,3,0,-1,-1;4,2,4,0,-1;4,11,8,1,-1;4,8,10,-1,-1;4,10,9,0,-1;4,4,17,-1,-1
zero.osf	1,0,1;2,10,0;4,10,25,0,-1;4,0,35,0,-1
one.osf	1,11,1;2,2,0;4,2,3,0,-1;4,3,0,-1,-1;4,2,4,0,-1;4,11,8,1,-1;4,8,10,-1,-1;4,10,9,0,-1;4,4,17,-1,-1
two.osf	1,23,1;2,2,0;4,2,32,1,-1;4,32,3,-1,-1;4,23,12,0,-1
period	2,0,0;4,0,6,-2,-1
comma	2,0,0;4,0,6,-2,-1
exclam	1,12,3;2,0,0;4,0,6,-2,-1;4,6,21,-2,-1
question	1,17,3;2,6,0;6,26,40,1;4,6,0,-2,-1;4,17,12,1,-1;4,0,32,1,-1
trademark	8,20,0;1,14,3;1,35,3;1,38,3;4,14,11,0,-1;4,11,3,-1,-1;4,20,24,-1,-1;4,24,29,-1,-1;4,29,6,-1,-1;4,3,34,-1,-1;4,34,16,-1,-1;14,37,20,38,-1
servicemark	8,47,0;1,28,3;1,62,3;1,65,3;4,47,51,-1,-1;4,51,56,-1,-1;4,56,6,-1,-1;4,6,15,0,-1;14,18,6,28,-1;4,28,36,0,-1;14,39,28,6,-1;4,36,61,-1,-1;4,61,43,-1,-1;14,64,47,65,-1
at	1,59,0;1,32,2;6,22,88,0;6,48,13,1;4,59,2,0,-1;4,48,42,-1,-1;4,13,68,-1,-1;4,32,78,0,-1
at.cap	6,48,13,1;6,2,59,0;6,32,78,0;6,22,88,0;4,48,42,-1,-1;4,13,68,-1,-1
zero.sups	8,30,0;8,20,0;4,30,5,0,-1;4,20,15,0,-1
one.sups	8,2,0;8,8,0;4,2,3,0,-1;4,3,0,-1,-1;4,2,4,1,-1;4,8,5,1,-1;4,5,7,-1,-1;4,7,6,0,-1;4,4,10,-1,-1
two.sups	8,2,0;8,20,0;4,2,27,1,-1;4,27,3,-1,-1;4,20,10,0,-1
three.sups	8,8,0;8,20,0;6,37,38,0;14,14,38,37,-1;4,20,30,0,-1;4,8,45,0,-1
four.sups	8,6,0;8,10,0;6,0,7,1;14,1,10,6,-1;4,0,2,-1,-1;4,7,4,-1,-1;4,2,9,-1,-1;4,0,12,-1,-1
five.sups	8,8,0;8,29,0;6,25,2,0;4,8,19,0,-1;4,29,32,1,-1
six.sups	8,25,0;8,33,0;6,6,19,0;4,25,0,0,-1;4,33,12,0,-1
seven.sups	8,0,0;8,2,0;4,0,5,1,-1;4,5,1,-1,-1
eight.sups	8,30,0;8,42,0;4,30,0,0,-1;14,6,30,42,-1;4,42,12,0,-1;14,18,42,30,-1;4,18,24,-1,-1;4,6,36,-1,-1
nine.sups	8,27,0;8,35,0;4,27,8,0,-1;14,19,35,8,-1;4,19,0,0,-1;4,35,14,0,-1
a.sups	1,47,4;6,23,11,0;6,0,32,-2;4,23,17,-1,0;4,47,36,0,-1;14,42,23,47,-1;4,11,54,-1,0
b.sups	8,36,0;1,17,4;6,25,2,0;4,17,10,0,-1;14,28,25,2,-1;4,25,29,-1,0;4,2,32,-1,0;4,36,33,1,-1;4,33,35,0,-1
c.sups	8,3,0;1,13,4;4,13,23,0,-1;4,3,31,1,-1
d.sups	8,35,0;1,28,4;6,18,8,0;6,13,37,0;4,28,2,0,-1;4,18,14,-1,0;4,35,32,1,-1;4,32,34,0,-1
e.sups	8,23,0;1,33,4;6,11,10,0;4,33,7,0,-1;4,23,16,1,-1
f.sups	8,6,0;8,29,0;1,22,4;1,34,4;1,0,4;4,6,15,0,-1;4,22,24,0,-1;4,29,31,0,-1;4,31,26,-1,-1;4,29,27,0,-1;4,27,30,-1,-1;4,24,32,-1,-1;4,32,33,-1,-1
g.sups	1,67,4;1,70,4;1,41,0;1,58,0;6,50,20,0;6,28,69,0;6,33,0,0;4,67,6,0,-1;4,41,12,1,-1;4,70,27,0,-1;14,56,41,12,-1;14,61,33,0,-1
h.sups	8,21,0;8,15,0;1,26,4;4,15,16,0,-1;4,16,13,-1,-1;4,13,3,-1,-1;4,3,0,-1,-1;4,15,2,-1,-1;4,15,17,0,-1;4,17,12,-1,-1;4,12,4,-1,-1;4,26,8,1,-1;4,21,18,1,-1;4,18,20,0,-1;4,4,30,-1,-1
i.sups	8,13,0;1,20,4;4,20,0,1,-1;4,0,6,-2,-1;4,13,12,0,-1;4,12,15,-1,-1;4,13,22,0,-1;4,22,16,-1,-1;4,20,17,1,-1;4,17,19,0,-1
j.sups	8,10,0;1,0,4;4,10,18,0,-1;4,0,24,1,-1;4,24,26,0,-1;4,0,33,1,-1;4,33,27,1,-1
k.sups	8,1,0;8,14,0;1,19,4;4,1,0,0,-1;14,4,1,14,-1;4,4,3,-1,-1;4,1,24,0,-1;4,24,5,-1,-1;4,0,6,-1,-1;4,1,7,-1,-1;4,0,9,-1,-1;4,5,10,-1,-1;4,14,11,1,-1;4,11,13,0,-1;4,4,16,0,-1;4,19,17,0,-1;4,17,21,-1,0;4,21,22,-1,0;4,3,23,-1,-1
l.sups	8,1,0;8,8,0;4,1,0,0,-1;4,0,3,-1,-1;4,1,10,0,-1;4,10,4,-1,-1;4,8,5,1,-1;4,5,7,0,-1
m.sups	8,1,0;1,41,4;1,46,4;1,37,4;4,1,0,0,-1;4,0,3,-1,-1;4,1,50,0,-1;4,50,4,-1,-1;4,46,8,1,-1;4,4,15,-1,-1;4,3,16,-1,-1;4,1,17,-1,-1;4,16,19,-1,-1;4,15,20,-1,-1;4,8,24,-1,-1;4,20,28,-1,-1;4,19,29,-1,-1;4,17,30,-1,-1;4,29,32,-1,-1;4,28,33,-1,-1;4,37,34,1,-1;4,34,36,0,-1
n.sups	8,15,0;1,26,4;1,21,4;4,15,16,0,-1;4,16,13,-1,-1;4,13,3,-1,-1;4,3,0,-1,-1;4,15,2,-1,-1;4,15,17,0,-1;4,17,12,-1,-1;4,12,4,-1,-1;4,26,8,1,-1;4,21,18,1,-1;4,18,20,0,-1;4,4,30,-1,-1
o.sups	8,22,0;1,12,4;4,12,0,0,-1;4,22,6,0,-1
p.sups	8,32,0;1,18,4;1,39,4;6,26,3,0;4,18,11,0,-1;14,29,26,3,-1;4,32,30,0,-1;4,32,31,0,-1;4,31,34,-1,-1;4,30,35,-1,-1;4,39,36,1,-1;4,36,38,0,-1
q.sups	8,14,0;1,31,4;1,36,4;6,21,9,0;4,31,3,0,-1;4,14,13,0,-1;4,13,16,-1,-1;4,14,37,-2,-1;4,37,17,-1,-1
r.sups	8,18,0;1,3,4;1,25,4;4,3,8,1,-1;4,18,16,0,-1;4,18,17,0,-1;4,17,20,-1,-1;4,16,21,-1,-1;4,25,22,1,-1;4,22,24,0,-1
s.sups	1,28,4;6,6,15,0;14,18,6,28,-1;4,28,37,0,-1;14,40,28,6,-1
t.sups	8,2,0;1,8,4;1,12,4;1,9,4;4,8,6,0,-1;4,6,14,-1,-1;4,2,19,1,-1
u.sups	1,25,4;1,13,4;6,6,18,1;6,1,27,0;4,1,0,0,-1;4,6,2,-1,0;4,13,10,1,-1;4,10,12,0,-1;4,10,22,-1,-1;4,12,24,-1,-1
v.sups	8,3,0;1,7,4;4,7,8,0,-1;4,8,12,-1,-1;4,12,0,-1,-1;4,7,9,0,-1;4,9,11,-1,-1;4,11,1,-1,-1;4,9,4,-1,-1;4,8,5,-1,-1;14,10,3,7,-1;4,7,13,-1,-1
w.sups	8,6,0;1,9,4;4,9,8,0,-1;4,8,11,-1,-1;4,11,15,-1,-1;4,15,18,-1,-1;4,18,22,-1,-1;4,22,0,-1,-1;4,9,7,0,-1;4,7,12,-1,-1;4,12,14,-1,-1;4,14,19,-1,-1;4,19,21,-1,-1;4,21,1,-1,-1;4,6,3,-1,-1;14,20,3,17,-1;4,20,13,-1,-1;4,9,16,-1,-1;4,16,23,-1,-1
x.sups	8,8,0;1,22,4;1,16,4;4,8,7,-2,-1;4,7,3,-1,-1;4,3,0,-1,-1;4,8,2,-1,-1;4,8,6,0,-1;4,6,4,-1,-1;14,5,8,16,-1;4,7,10,-1,-1;4,6,11,-1,-1;4,5,12,-1,-1;4,22,20,0,-1;4,20,18,-1,-1;4,18,13,-1,-1;4,22,21,0,-1;4,21,17,-1,-1;4,17,14,-1,-1;14,19,22,2,-1;4,20,25,-1,-1;4,19,26,-1,-1;4,4,27,-1,-1
y.sups	8,4,0;1,22,4;1,29,4;4,22,21,0,-1;4,21,24,-1,-1;4,24,28,-1,-1;4,28,0,-1,-1;4,22,20,0,-1;4,20,25,-1,-1;4,25,27,-1,-1;4,27,1,-1,-1;4,4,10,1,-1;14,19,4,22,-1;4,19,26,-1,-1
z.sups	1,8,4;6,1,12,0;4,12,3,-1,-1;4,8,4,0,-1;4,4,10,-1,-1
egrave.sups	8,33,0;1,43,4;6,21,20,0;4,43,9,-2,-1;4,43,17,0,-1;4,33,26,1,-1
eacute.sups	8,33,0;1,43,4;6,21,20,0;4,43,0,-2,-1;4,43,17,0,-1;4,33,26,1,-1
dollar	1,58,2;1,55,2;2,31,0;2,34,0;4,31,0,0,-1;14,8,34,55,-1;4,58,19,0,-1;4,19,9,-1,-1;14,15,58,31,-1;4,15,20,-1,-1;4,0,45,-1,-1;4,8,46,-1,-1
sterling	1,21,2;2,2,0;4,2,49,1,-1;4,49,3,-1,-1;14,43,2,21,-1;4,43,10,-1,-1;4,43,40,1,-1;4,40,13,-1,-1;4,21,32,0,-1
yen	1,33,2;1,40,2;2,16,0;4,33,31,0,-1;4,31,36,-1,-1;4,36,38,-1,-1;4,38,0,-1,-1;4,16,18,0,-1;14,30,18,40,0;4,30,1,-1,-1;4,30,27,0,-1;4,27,4,-1,-1;14,26,18,40,0;4,26,5,-1,-1;4,26,23,0,-1;4,23,8,-1,-1;4,18,13,-1,-1;4,30,37,-1,-1
Euro	1,27,2;2,7,0;6,55,52,1;4,55,10,-1,-1;4,52,13,-1,-1;4,52,46,-2,-1;4,46,19,-1,-1;4,46,43,1,-1;4,43,22,-1,-1;4,27,38,0,-1;4,7,58,0,-1
florin	1,6,2;6,26,25,1;6,36,46,0;4,25,0,-1,-1;4,6,16,0,-1;4,26,55,-1,-1
rupeeindian	1,44,2;2,21,0;2,18,0;6,31,32,1;4,44,43,1,-1;4,43,1,-1,-1;4,43,38,-2,-1;4,38,4,-1,-1;4,38,37,1,-1;4,37,7,-1,-1;14,10,32,31,-1;4,21,17,1,-1
liraturkish	1,35,2;2,16,0;2,13,0;14,50,16,35,-1;4,50,21,-1,-1;4,50,47,1,-1;4,47,24,-1,-1;4,47,46,-2,-1;4,46,25,-1,-1;4,46,43,1,-1;4,43,28,-1,-1;4,35,33,1,-1;4,35,34,0,-1;4,34,37,-1,-1;4,33,38,-1,-1;4,13,53,0,-1
pi	1,27,0;1,26,0;2,3,0;2,15,0;4,26,21,1,-1;4,21,12,-1,-1;4,27,28,0,-1;4,12,33,-1,-1;4,3,37,1,-1
circumflexcmb	8,4,0;4,4,1,-2,-1
circumflexcmb.cap	8,4,0;4,4,1,-2,-1
tildecmb	6,20,0,-2;4,0,6,-1,-1;14,9,0,20,-1;4,20,14,-1,-1;14,23,14,6,-1
tildecmb.cap	6,0,20,-2;4,0,6,-1,-1;14,9,20,0,-1;4,20,14,-1,-1;14,23,14,6,-1
macroncmb	6,2,1,-2
macroncmb.cap	6,2,1,-2
brevecmb	6,0,7,-2
brevecmb.cap	6,0,9,-2
dotaccentcmb	6,0,6,-1
dotaccentcmb.cap	6,0,6,-2
dieresiscmb	6,0,6,-2;4,0,12,-1,-1;4,6,18,-1,-1
dieresiscmb.cap	6,0,6,-2;4,0,12,-1,-1;4,6,18,-1,-1
ringcmb	6,12,0,-2;4,0,6,-2,-1;4,6,18,-2,-1
ringcmb.cap	6,0,12,-2;4,12,18,-2,-1;4,18,6,-2,-1
caroncmb	6,1,5,-2
caroncmb.cap	6,1,5,-2
cedillacmb	6,0,19,-2;4,19,13,-2,-1;4,13,6,-2,-1
ogonekcmb	6,19,12,-2
arrowleft	2,8,0;6,4,3,1
arrowupleft	1,10,1;4,10,1,1,-1
arrowup	2,4,0
arrowupright	1,9,1;4,9,6,1,-1
arrowright	8,8,0;2,11,0;6,3,4,1
arrowdownright	1,7,0;6,10,1,1
arrowdown	2,9,0;4,9,6,1,-1
arrowdownleft	1,0,0;6,9,6,1
