# Glyph name	TT hints
A	1,(289,652),4;2,(10,0),0;2,(342,0),0;4,(10,0),(10,59),0,-1;4,(10,0),(89,70),1,-1;4,(342,0),(411,66),1,-1;4,(411,66),(611,62),-1,-1;4,(342,0),(342,56),0,-1;4,(342,56),(665,56),-1,-1;14,(207,243),(289,652),(89,70),0;4,(207,243),(186,180),0,-1;4,(89,70),(152,71),-1,-1;4,(10,59),(220,59),-1,-1;4,(289,652),(282,480),-1,-1
B	1,(28,652),4;1,(365,652),4;2,(28,0),0;2,(317,0),0;6,(292,314),(292,370),0;4,(28,652),(97,586),1,-1;4,(28,652),(28,593),0,-1;14,(428,353),(292,314),(292,370),-1;4,(28,0),(28,59),0,-1;4,(28,0),(97,66),1,-1;4,(365,652),(294,590),0,-1;4,(317,0),(315,62),0,-1
C	1,(389,672),4;2,(379,-20),0;4,(379,-20),(413,40),0,-1;4,(389,672),(417,613),0,-1
D	1,(28,652),4;2,(28,0),0;4,(28,652),(97,586),1,-1;4,(28,652),(28,593),0,-1;4,(28,0),(28,59),-2,-1;4,(28,0),(97,66),1,-1;4,(97,66),(298,62),-1,-1;4,(97,586),(298,590),-1,-1
E	1,(544,652),4;1,(28,652),4;2,(28,0),0;2,(564,0),0;6,(296,306),(296,370),0;4,(544,652),(438,593),1,-1;4,(438,593),(97,586),-1,-1;4,(28,652),(28,593),0,-1;4,(564,0),(458,58),1,-1;4,(28,0),(28,59),0,-1;4,(458,58),(97,66),-1,-1
F	1,(28,652),4;2,(28,0),0;6,(466,482),(464,442),0;6,(296,306),(296,370),0;4,(28,652),(97,586),1,-1;4,(28,652),(28,593),0,-1;4,(97,586),(298,593),-1,-1;4,(296,306),(401,225),-2,-1;4,(28,0),(97,66),1,-1;4,(97,66),(297,68),-1,-1;4,(28,0),(28,59),0,-1;4,(28,59),(386,59),-1,-1
G	1,(393,672),4;2,(378,-20),0;6,(335,267),(335,326),0;4,(393,672),(417,613),1,-1;4,(378,-20),(412,39),1,-1;4,(335,326),(419,254),1,-1;4,(335,267),(657,267),-1,-1;4,(419,254),(609,260),-1,-1
H	1,(28,652),4;1,(399,652),4;2,(28,0),0;2,(399,0),0;6,(294,304),(294,367),0;4,(28,652),(95,586),1,-1;4,(28,652),(28,593),0,-1;4,(28,593),(357,593),-1,-1;4,(95,586),(295,587),-1,-1;4,(295,587),(461,587),-1,-1;4,(357,593),(399,593),-1,-1;4,(399,593),(728,593),-1,-1;4,(461,587),(661,586),-1,-1;4,(28,0),(95,66),1,-1;4,(95,66),(295,65),-1,-1;4,(295,65),(461,65),-1,-1;4,(461,65),(661,66),-1,-1;4,(28,0),(28,59),0,-1;4,(28,59),(357,59),-1,-1;4,(357,59),(399,59),-1,-1;4,(399,59),(728,59),-1,-1
I	1,(28,652),4;2,(28,0),0;4,(28,652),(97,586),1,-1;4,(28,652),(28,593),0,-1;4,(28,593),(367,593),-1,-1;4,(97,586),(297,586),-1,-1;4,(28,0),(97,66),1,-1;4,(97,66),(297,66),-1,-1;4,(28,0),(28,59),0,-1;4,(28,59),(367,59),-1,-1
J	1,(30,652),4;6,(31,-177),(100,-116),1;4,(30,652),(30,593),0,-1;4,(30,593),(379,593),-1,-1;4,(30,652),(108,585),1,-1;4,(108,585),(309,586),-1,-1;4,(100,-116),(-16,-24),-2,-1
K	1,(28,652),4;1,(433,652),4;2,(28,0),0;2,(401,0),0;4,(28,652),(97,586),1,-1;4,(28,652),(28,593),0,-1;4,(28,593),(357,593),-1,-1;4,(97,586),(288,586),-1,-1;14,(287,323),(28,0),(28,652),-1;4,(288,586),(495,581),-1,-1;4,(357,593),(433,593),-1,-1;4,(433,593),(665,593),-1,-1;4,(495,581),(572,581),-1,-1;14,(452,440),(401,0),(433,652),-1;4,(28,0),(97,66),1,-1;4,(97,66),(288,65),-1,-1;4,(288,65),(435,63),-1,-1;4,(435,63),(648,65),-1,-1;4,(28,0),(28,59),0,-1;4,(28,59),(342,59),-1,-1;4,(342,59),(401,59),-1,-1;4,(401,59),(703,59),-1,-1;14,(326,291),(401,0),(433,652),-1;14,(287,245),(28,0),(28,652),-1
L	1,(28,652),4;2,(28,0),0;4,(28,652),(97,586),1,-1;4,(28,652),(28,593),0,-1;4,(28,593),(377,593),-1,-1;4,(97,586),(297,585),-1,-1;4,(28,0),(97,66),1,-1;4,(97,66),(298,60),-1,-1;4,(28,0),(28,59),0,-1
M	1,(22,652),4;1,(861,652),4;2,(10,0),0;2,(528,0),0;2,(350,0),0;4,(10,0),(10,59),0,-1;4,(10,0),(109,71),1,-1;4,(22,652),(109,583),1,-1;4,(22,652),(22,593),0,-1;14,(456,258),(350,0),(22,652),-1;4,(861,652),(861,593),0,-1;4,(861,652),(797,586),1,-1;4,(528,0),(596,67),1,-1;4,(596,67),(797,66),-1,-1;4,(528,0),(528,59),0,-1;4,(528,59),(866,59),-1,-1;14,(177,485),(22,652),(10,0),-1;4,(177,485),(601,485),-1,-1;4,(109,71),(179,72),-1,-1;4,(10,59),(262,59),-1,-1
N	1,(428,652),4;1,(24,652),4;2,(511,0),0;2,(24,0),0;4,(24,0),(24,59),0,-1;4,(24,0),(109,71),1,-1;4,(24,652),(92,587),1,-1;4,(24,652),(24,592),0,-1;14,(546,286),(428,652),(511,0),-1;4,(92,587),(546,580),-1,-1;4,(24,592),(428,593),-1,-1;4,(428,593),(701,593),-1,-1;4,(546,580),(616,581),-1,-1;14,(179,465),(24,0),(24,652),-1;4,(109,71),(179,72),-1,-1;4,(24,59),(297,59),-1,-1
O	1,(350,672),4;2,(350,-20),0;4,(350,-20),(350,41),0,-1;4,(350,672),(350,612),0,-1
P	1,(28,652),4;2,(28,0),0;6,(296,246),(296,306),0;4,(28,652),(97,586),1,-1;4,(28,652),(28,593),0,-1;4,(28,0),(97,66),1,-1;4,(97,66),(297,68),-1,-1;4,(28,0),(28,59),0,-1;4,(28,59),(386,59),-1,-1;4,(97,586),(298,590),-1,-1
Q	1,(350,672),4;2,(254,-7),0;2,(438,-9),0;6,(490,-202),(538,-118),0;4,(438,-9),(350,41),0,-1;4,(350,672),(350,612),0,-1
R	1,(28,652),4;2,(366,0),0;2,(572,-16),0;2,(696,0),0;6,(292,299),(292,359),0;4,(28,652),(97,586),1,-1;4,(28,652),(28,593),0,-1;14,(436,336),(292,359),(292,299),-1;4,(572,-16),(696,59),1,-1;4,(696,59),(624,67),-1,-1;4,(366,0),(293,66),1,-1;4,(366,0),(366,59),0,-1;4,(366,59),(28,59),-1,-1;4,(293,66),(97,66),-1,-1;4,(97,586),(294,590),-1,-1
S	1,(301,672),4;2,(257,-20),0;4,(257,-20),(258,43),0,-1;4,(301,672),(307,609),0,-1;14,(234,243),(258,43),(307,609),-1;14,(349,404),(307,609),(258,43),-1
T	1,(22,652),4;2,(144,0),0;4,(22,652),(222,593),1,-1;4,(222,593),(424,593),-1,-1;4,(144,0),(223,67),1,-1;4,(223,67),(423,67),-1,-1;4,(144,0),(144,59),0,-1;4,(144,59),(503,59),-1,-1
U	1,(25,652),4;1,(472,652),4;2,(355,-20),0;4,(355,-20),(426,79),1,-1;4,(25,652),(94,586),1,-1;4,(94,586),(294,586),-1,-1;4,(294,586),(558,587),-1,-1;4,(25,652),(25,593),0,-1;4,(25,593),(369,593),-1,-1;4,(369,593),(472,593),-1,-1;4,(472,593),(710,593),-1,-1;4,(558,587),(629,587),-1,-1
V	1,(5,652),4;1,(445,652),4;2,(263,0),0;4,(5,652),(56,588),1,-1;4,(5,652),(5,593),0,-1;4,(5,593),(348,598),-1,-1;4,(56,588),(267,587),-1,-1;14,(391,203),(445,652),(263,0),-1;4,(267,587),(520,584),-1,-1;4,(348,598),(445,598),-1,-1;4,(445,598),(656,593),-1,-1;4,(520,584),(587,581),-1,-1
W	1,(404,652),4;1,(784,652),4;1,(5,652),4;2,(236,0),0;2,(613,0),0;4,(5,652),(58,588),1,-1;4,(5,652),(5,593),0,-1;4,(5,593),(331,593),-1,-1;4,(58,588),(264,586),-1,-1;14,(359,208),(236,0),(404,652),-1;4,(264,586),(466,585),-1,-1;4,(331,593),(404,593),-1,-1;4,(404,593),(715,593),-1,-1;4,(466,585),(633,583),-1,-1;14,(736,199),(613,0),(784,652),-1;4,(633,583),(846,583),-1,-1;4,(715,593),(784,593),-1,-1;4,(784,593),(989,593),-1,-1;4,(846,583),(913,580),-1,-1
X	1,(8,652),4;1,(412,652),4;2,(6,0),0;2,(303,0),0;4,(6,0),(6,59),0,-1;4,(6,0),(76,64),1,-1;4,(8,652),(69,586),1,-1;4,(8,652),(8,593),0,-1;4,(8,593),(334,593),-1,-1;4,(69,586),(285,588),-1,-1;14,(372,436),(76,64),(69,586),-1;4,(285,588),(464,590),-1,-1;4,(334,593),(412,593),-1,-1;4,(412,593),(613,593),-1,-1;4,(464,590),(543,589),-1,-1;4,(76,64),(156,63),-1,-1;4,(156,63),(368,66),-1,-1;4,(368,66),(585,66),-1,-1;4,(6,59),(212,59),-1,-1;4,(212,59),(303,59),-1,-1;4,(303,59),(651,59),-1,-1;14,(268,240),(76,64),(69,586),-1
Y	1,(5,652),4;1,(423,652),4;2,(134,0),0;4,(134,0),(134,59),0,-1;4,(134,0),(213,67),1,-1;4,(5,652),(52,589),1,-1;4,(5,652),(5,593),0,-1;4,(5,593),(344,593),-1,-1;4,(52,589),(277,585),-1,-1;14,(380,352),(213,67),(52,589),-1;4,(277,585),(484,583),-1,-1;4,(344,593),(423,593),-1,-1;4,(423,593),(621,593),-1,-1;4,(484,583),(555,581),-1,-1;4,(213,67),(413,67),-1,-1;4,(134,59),(493,59),-1,-1
Z	1,(542,652),4;2,(20,0),0;4,(20,0),(244,60),1,-1;4,(244,60),(20,50),-1,-1;4,(542,652),(318,592),1,-1;4,(318,592),(542,602),-1,-1
a	1,(286,503),0;2,(155,-16),0;2,(414,-16),0;4,(155,-16),(249,71),1,-1;14,(291,301),(155,-16),(286,503),-1;4,(291,301),(291,254),0,-1;4,(286,503),(215,449),0,-1;14,(118,303),(155,-16),(286,503),-1;4,(414,-16),(492,63),1,-1
b	1,(403,503),0;1,(248,721),5;2,(384,-16),0;2,(28,-1),0;2,(233,-16),0;4,(28,-1),(28,50),0,-1;4,(28,-1),(73,60),1,-1;4,(248,721),(74,624),1,-1;4,(74,624),(20,676),0,-1;4,(384,-16),(311,80),0,-1;4,(403,503),(311,404),0,-1;14,(264,389),(403,503),(384,-16),-1;14,(264,94),(384,-16),(403,503),-1
c	1,(308,503),0;2,(281,-16),0;4,(308,503),(331,449),0,-1
d	1,(532,721),5;1,(245,503),0;2,(220,-16),0;2,(581,0),0;4,(220,-16),(314,83),1,-1;14,(360,42),(220,-16),(245,503),-1;4,(360,42),(355,94),0,-1;14,(362,457),(245,503),(220,-16),-1;4,(362,457),(355,398),0,-1;4,(245,503),(318,407),1,-1;4,(532,721),(362,621),1,-1;4,(362,621),(298,676),0,-1;4,(581,0),(545,60),1,-1;4,(581,0),(581,51),0,-1
e	1,(291,503),0;2,(282,-16),0;4,(282,-16),(346,92),0,-1;14,(222,288),(291,503),(346,92),0;4,(222,288),(223,231),0,-1;4,(291,503),(279,449),0,-1
f	1,(343,731),5;1,(261,487),0;2,(27,0),0;4,(261,487),(264,412),1,-1;4,(264,412),(74,412),-1,-1;4,(261,487),(77,485),-1,-1;4,(77,485),(17,478),-1,-1;4,(343,731),(297,669),1,-1;4,(27,0),(265,68),1,-1;4,(27,0),(27,51),0,-1;4,(27,51),(337,51),-1,-1;4,(265,68),(72,61),-1,-1
g	8,(227,-42),0;1,(249,503),0;2,(224,-222),1;6,(249,234),(249,184),0;4,(224,-222),(245,-157),0,-1;4,(227,-42),(118,-30),-1,-1;4,(227,-42),(202,123),1,-1;4,(249,503),(249,453),0,-1
h	1,(410,503),0;1,(248,721),5;2,(27,0),0;2,(330,0),0;4,(27,0),(73,62),1,-1;4,(73,62),(265,59),-1,-1;4,(265,59),(373,61),-1,-1;4,(373,61),(565,60),-1,-1;4,(27,0),(27,51),0,-1;4,(27,51),(303,51),-1,-1;4,(303,51),(330,51),-1,-1;4,(330,51),(607,51),-1,-1;4,(410,503),(332,396),1,-1;14,(264,360),(410,503),(27,0),-1;4,(248,721),(74,621),1,-1;4,(74,621),(20,676),0,-1
i	1,(249,503),0;1,(167,734),5;2,(28,0),0;4,(167,734),(167,562),-2,-1;4,(28,0),(28,51),0,-1;4,(28,0),(73,61),1,-1;4,(249,503),(71,384),1,-1;4,(71,384),(17,434),0,-1;4,(73,61),(265,60),-1,-1;4,(28,51),(307,51),-1,-1
j	1,(245,503),0;1,(163,734),5;2,(12,-232),1;4,(163,734),(163,562),-2,-1;4,(245,503),(67,384),1,-1;4,(67,384),(13,434),0,-1;4,(12,-232),(67,-160),1,-1
k	1,(356,487),0;1,(251,721),5;2,(27,0),0;2,(385,0),0;4,(251,721),(74,621),1,-1;4,(74,621),(20,676),0,-1;14,(264,280),(27,0),(356,487),-1;4,(356,487),(422,430),0,-1;4,(422,430),(502,428),-1,-1;14,(422,356),(385,0),(356,487),-1;4,(27,0),(73,62),1,-1;4,(73,62),(265,60),-1,-1;4,(265,60),(554,68),-1,-1;4,(27,0),(27,51),0,-1;4,(27,51),(308,51),-1,-1;4,(308,51),(617,51),-1,-1;14,(290,235),(385,0),(356,487),-1;14,(264,212),(27,0),(356,487),-1
l	1,(251,721),5;2,(27,0),0;4,(251,721),(74,621),1,-1;4,(74,621),(20,676),0,-1;4,(27,0),(72,61),1,-1;4,(72,61),(266,60),-1,-1;4,(27,0),(27,51),0,-1;4,(27,51),(311,51),-1,-1
m	1,(406,503),0;1,(697,503),0;1,(234,503),0;2,(23,0),0;2,(326,0),0;2,(625,0),0;4,(625,0),(663,61),1,-1;4,(663,61),(851,60),-1,-1;4,(625,0),(625,51),0,-1;4,(625,51),(893,51),-1,-1;4,(697,503),(618,396),1,-1;4,(326,0),(369,62),1,-1;4,(369,62),(557,59),-1,-1;4,(326,0),(326,51),0,-1;4,(326,51),(595,51),-1,-1;4,(406,503),(322,396),1,-1;4,(23,0),(69,62),1,-1;4,(69,62),(261,59),-1,-1;4,(23,0),(23,51),0,-1;4,(23,51),(299,51),-1,-1;4,(234,503),(67,384),1,-1;4,(67,384),(13,434),0,-1
n	1,(409,503),0;1,(234,503),0;2,(23,0),0;2,(326,0),0;4,(23,0),(69,62),1,-1;4,(69,62),(261,59),-1,-1;4,(261,59),(369,61),-1,-1;4,(369,61),(561,60),-1,-1;4,(23,0),(23,51),0,-1;4,(23,51),(299,51),-1,-1;4,(299,51),(326,51),-1,-1;4,(326,51),(603,51),-1,-1;4,(409,503),(325,396),1,-1;14,(260,370),(234,503),(23,0),-1;4,(234,503),(67,384),1,-1;4,(67,384),(13,434),0,-1;14,(257,424),(234,503),(23,0),-1
o	1,(286,503),0;2,(286,-16),0;4,(286,-16),(286,39),0,-1;4,(286,503),(286,448),0,-1
p	1,(403,503),0;1,(236,503),0;2,(384,-16),0;2,(316,-222),1;4,(403,503),(311,404),1,-1;4,(384,-16),(311,80),1,-1;4,(236,503),(71,384),1,-1;4,(71,384),(17,434),0,-1;14,(257,441),(403,503),(384,-16),-1;14,(261,32),(384,-16),(403,503),-1;4,(316,-222),(72,-160),1,-1;4,(72,-160),(263,-155),-1,-1;4,(316,-222),(316,-170),0,-1;4,(316,-170),(27,-170),-1,-1
q	1,(255,503),0;1,(513,503),0;2,(220,-16),0;2,(303,-222),1;4,(220,-16),(314,83),1,-1;4,(255,503),(320,407),1,-1;4,(303,-222),(547,-161),1,-1;4,(303,-222),(303,-170),0,-1;4,(303,-170),(584,-170),-1,-1;4,(547,-161),(357,-155),-1,-1;14,(358,40),(220,-16),(255,503),-1;14,(378,447),(255,503),(220,-16),-1
r	1,(391,503),0;1,(234,503),0;2,(21,0),0;4,(21,0),(21,51),0,-1;4,(21,0),(69,62),1,-1;4,(234,503),(67,384),1,-1;4,(67,384),(13,434),0,-1;4,(391,503),(319,391),1,-1;4,(319,391),(408,329),-2,-1;14,(260,273),(21,0),(391,503),-1;4,(69,62),(261,68),-1,-1;4,(21,51),(339,51),-1,-1
s	1,(250,503),0;2,(206,-16),0;4,(206,-16),(206,43),0,-1;14,(286,95),(206,-16),(250,503),-1;4,(250,503),(245,444),0,-1;14,(178,393),(206,-16),(250,503),-1
t	8,(259,629),0;1,(80,487),0;1,(259,487),0;2,(224,-16),0;4,(224,-16),(308,78),0,-1;4,(80,487),(69,412),0,-1;4,(69,412),(259,412),-1,-1
u	1,(244,498),0;1,(542,498),0;2,(211,-16),0;2,(371,-12),0;2,(603,-1),0;4,(244,498),(69,406),1,-1;4,(69,406),(17,463),1,-1;4,(211,-16),(301,91),1,-1;4,(542,498),(369,407),1,-1;4,(369,407),(321,458),1,-1;4,(371,-12),(557,60),1,-1;4,(603,-1),(603,50),0,-1
v	1,(-10,487),0;1,(343,487),0;2,(216,0),0;4,(-10,487),(38,430),1,-1;4,(-10,487),(-10,440),0,-1;4,(-10,440),(291,440),-1,-1;4,(38,430),(238,428),-1,-1;14,(321,199),(216,0),(343,487),-1;4,(238,428),(398,429),-1,-1;4,(291,440),(343,440),-1,-1;4,(343,440),(531,440),-1,-1;4,(398,429),(471,430),-1,-1
w	1,(-10,487),0;1,(311,487),0;1,(613,487),0;2,(186,0),0;2,(492,0),0;4,(-10,487),(29,434),0,-1;4,(-10,487),(-10,440),0,-1;4,(-10,440),(268,440),-1,-1;4,(29,434),(218,433),-1,-1;14,(286,198),(186,0),(-10,487),-1;4,(311,487),(363,433),0,-1;4,(311,487),(311,440),0,-1;4,(311,440),(565,440),-1,-1;4,(363,433),(519,433),-1,-1;4,(286,198),(588,206),-1,-1;4,(613,487),(663,433),0,-1;4,(613,487),(613,440),0,-1;4,(613,440),(795,440),-1,-1;4,(663,433),(737,433),-1,-1
x	1,(12,487),0;1,(363,487),0;2,(10,0),0;2,(249,0),0;4,(10,0),(10,51),0,-1;4,(10,51),(195,51),-1,-1;4,(10,0),(81,61),0,-1;14,(222,164),(249,0),(363,487),-1;4,(222,164),(190,217),-1,-1;4,(12,487),(62,433),1,-1;4,(12,487),(12,440),0,-1;4,(12,440),(316,440),-1,-1;4,(62,433),(278,434),-1,-1;14,(341,331),(363,487),(249,0),-1;4,(278,434),(402,431),-1,-1;4,(316,440),(363,440),-1,-1;4,(363,440),(532,440),-1,-1;4,(402,431),(476,429),-1,-1;4,(341,331),(371,281),-1,-1;4,(81,61),(156,59),-1,-1;4,(156,59),(286,56),-1,-1;4,(286,56),(504,60),-1,-1;4,(195,51),(249,51),-1,-1;4,(249,51),(553,51),-1,-1
y	1,(352,487),0;1,(-5,487),0;2,(109,-232),1;4,(109,-232),(188,-141),1,-1;14,(246,-43),(109,-232),(-5,487),-1;4,(-5,487),(39,432),0,-1;4,(-5,487),(-5,440),0,-1;4,(-5,440),(298,441),-1,-1;4,(39,432),(239,428),-1,-1;4,(246,-43),(325,187),-2,-1;4,(352,487),(410,428),0,-1;4,(352,487),(352,440),0,-1;4,(352,440),(538,440),-1,-1;4,(410,428),(478,430),-1,-1
z	1,(450,487),0;2,(14,0),0;4,(450,487),(249,440),0,-1;4,(249,440),(450,447),-1,-1;4,(14,0),(226,48),0,-1;4,(226,48),(14,41),-1,-1
AE	1,(207,652),4;2,(317,0),0;2,(220,0),0;4,(317,0),(317,59),0,-1;4,(317,59),(220,59),-1,-1;4,(220,59),(10,59),-1,-1;4,(317,0),(587,58),1,-1;4,(587,58),(386,66),-1,-1;4,(386,66),(145,72),-1,-1;4,(145,72),(68,67),-1,-1;4,(207,652),(587,593),1,-1;4,(587,593),(387,578),-1,-1;4,(387,578),(308,582),-1,-1;4,(207,652),(207,593),0,-1;14,(585,306),(220,0),(207,652),-1;4,(585,306),(585,370),0,-1;14,(387,242),(220,0),(207,652),-1;4,(387,242),(387,305),0,-1
Hbar	1,(28,652),4;1,(395,652),4;2,(28,0),0;2,(395,0),0;6,(458,432),(458,495),1;6,(458,274),(458,337),1;4,(458,432),(96,432),-1,-1;4,(458,495),(18,495),-1,-1;4,(28,652),(95,586),1,-1;4,(28,652),(28,593),0,-1;4,(28,593),(357,593),-1,-1;4,(95,586),(295,587),-1,-1;4,(395,652),(457,587),1,-1;4,(395,652),(395,593),0,-1;4,(395,593),(724,593),-1,-1;4,(457,587),(657,586),-1,-1;4,(458,495),(656,495),-1,-1;4,(458,432),(734,432),-1,-1;4,(395,0),(457,65),1,-1;4,(457,65),(657,66),-1,-1;4,(395,0),(395,59),0,-1;4,(395,59),(724,59),-1,-1;4,(28,0),(95,66),1,-1;4,(95,66),(295,65),-1,-1;4,(28,0),(28,59),0,-1;4,(28,59),(357,59),-1,-1
Lslash	1,(28,652),4;2,(28,0),0;14,(296,320),(28,0),(28,652),-1;4,(28,0),(97,66),1,-1;4,(97,66),(298,60),-1,-1;4,(28,0),(28,59),0,-1;4,(296,320),(98,224),-1,-1;4,(296,320),(296,414),1,-1;4,(296,414),(98,318),-1,-1;4,(28,652),(97,586),1,-1;4,(28,652),(28,593),0,-1;4,(28,593),(377,593),-1,-1;4,(97,586),(297,585),-1,-1
Oslash	1,(593,692),4;1,(350,672),4;2,(107,-40),0;2,(350,-20),0;4,(350,-20),(350,41),0,-1;4,(350,672),(350,612),0,-1;14,(236,248),(350,41),(350,612),-1;14,(464,404),(350,612),(350,41),-1
OE	1,(395,672),4;1,(536,652),4;2,(395,-20),0;2,(536,0),0;6,(632,306),(632,370),0;4,(395,-20),(410,40),1,-1;4,(536,0),(634,58),1,-1;4,(634,58),(432,41),-1,-1;4,(536,652),(634,593),1,-1;4,(634,593),(432,611),-1,-1;4,(395,672),(410,612),1,-1
Germandbls	1,(429,672),4;2,(517,-20),0;2,(28,0),0;6,(642,621),(642,580),0;4,(28,0),(28,55),0,-1;4,(28,0),(96,62),1,-1;14,(580,482),(429,672),(517,-20),-1;4,(517,-20),(493,43),0,-1;14,(555,125),(517,-20),(429,672),-1;14,(566,597),(642,621),(642,580),-1;4,(429,672),(455,609),0,-1
Uogonek	1,(25,652),4;1,(472,652),4;2,(355,-20),0;6,(444,-227),(518,-134),-2;4,(25,652),(25,593),0,-1;4,(25,593),(369,593),-1,-1;4,(25,652),(94,586),1,-1;4,(94,586),(294,586),-1,-1;4,(355,-20),(426,79),0,-1;4,(294,586),(558,587),-1,-1;4,(369,593),(472,593),-1,-1;4,(472,593),(710,593),-1,-1;4,(558,587),(629,587),-1,-1;14,(497,8),(426,79),(355,-20),-1
Uhorn	1,(25,652),4;1,(472,652),4;2,(355,-20),0;4,(355,-20),(426,79),1,-1;4,(472,652),(558,587),1,-1;4,(472,652),(472,593),0,-1;4,(25,652),(94,586),1,-1;4,(25,652),(25,593),0,-1;4,(94,586),(294,586),-1,-1
Eth	1,(28,652),4;2,(28,0),0;14,(296,366),(28,0),(28,652),-1;4,(296,366),(296,303),0,-1;4,(28,0),(97,66),1,-1;4,(97,66),(298,62),-1,-1;4,(28,652),(97,586),1,-1;4,(97,586),(298,590),-1,-1;4,(28,0),(28,59),0,-1;4,(296,303),(98,303),-1,-1;4,(296,366),(98,366),-1,-1;4,(28,652),(28,593),0,-1
Thorn	1,(28,652),4;2,(28,0),0;6,(292,134),(291,197),0;6,(291,473),(292,535),0;4,(28,652),(97,586),1,-1;4,(28,652),(28,593),0,-1;4,(28,593),(371,593),-1,-1;4,(97,586),(292,585),-1,-1;4,(28,0),(97,66),1,-1;4,(97,66),(292,67),-1,-1;4,(28,0),(28,59),0,-1;4,(28,59),(371,59),-1,-1
Schwa	1,(308,672),4;2,(332,-20),0;6,(433,301),(432,364),1;4,(308,672),(278,597),1,-1;4,(332,-20),(336,40),0,-1
aogonek	1,(286,503),0;2,(155,-16),0;2,(408,-16),0;6,(436,-228),(510,-135),1;14,(291,254),(155,-16),(286,503),-1;4,(291,254),(291,301),0,-1;4,(286,503),(215,449),0,-1;14,(118,302),(155,-16),(286,503),-1;4,(408,-16),(492,63),1,-1;4,(155,-16),(249,71),1,-1
ae	1,(557,503),0;1,(286,503),0;2,(166,-16),0;2,(548,-16),0;6,(489,231),(488,288),0;4,(166,-16),(253,71),1,-1;4,(489,231),(288,253),-1,-1;4,(488,288),(291,301),-1,-1;4,(286,503),(215,449),0,-1;14,(118,302),(166,-16),(286,503),-1;4,(548,-16),(612,92),1,-1;4,(557,503),(544,449),0,-1
dcroat	1,(532,721),5;1,(245,487),0;2,(220,-16),0;2,(369,-12),0;2,(581,0),0;6,(362,518),(362,581),0;4,(532,721),(362,621),1,-1;4,(362,621),(298,676),0,-1;4,(362,581),(546,581),-1,-1;4,(362,518),(545,518),-1,-1;4,(581,0),(581,51),0,-1;4,(581,51),(545,60),-1,-1;4,(220,-16),(314,83),1,-1;14,(355,94),(220,-16),(245,487),-1;14,(355,382),(245,487),(220,-16),-1;4,(245,487),(318,391),1,-1
eogonek	1,(291,503),0;2,(282,-16),0;6,(348,-227),(422,-134),1;6,(223,231),(222,288),0;4,(282,-16),(346,92),1,-1;4,(291,503),(278,449),0,-1
hbar	8,(410,477),0;1,(248,721),5;2,(27,0),0;2,(330,0),0;6,(262,581),(261,518),0;4,(262,581),(74,581),-1,-1;4,(248,721),(74,621),1,-1;4,(74,621),(20,676),0,-1;14,(264,334),(27,0),(248,721),-1;4,(264,334),(261,398),0,-1;4,(330,0),(373,61),1,-1;4,(373,61),(565,60),-1,-1;4,(330,0),(330,51),0,-1;4,(330,51),(607,51),-1,-1;4,(410,477),(332,370),1,-1;4,(27,0),(73,62),1,-1;4,(73,62),(265,59),-1,-1;4,(27,0),(27,51),0,-1;4,(27,51),(303,51),-1,-1;4,(261,518),(74,518),-1,-1
dotlessi	1,(249,503),0;2,(28,0),0;4,(28,0),(73,61),0,-1;4,(249,503),(71,384),1,-1;4,(71,384),(17,434),0,-1;4,(73,61),(265,60),-1,-1
dotlessj	1,(245,503),0;2,(12,-232),1;4,(245,503),(67,384),1,-1;4,(67,384),(13,434),0,-1;4,(12,-232),(65,-151),1,-1
kgreenlandic	1,(352,487),0;1,(245,503),0;2,(23,0),0;2,(613,0),0;4,(23,0),(23,51),0,-1;4,(23,0),(69,62),1,-1;4,(245,503),(67,384),1,-1;4,(67,384),(13,434),0,-1;14,(260,212),(23,0),(245,503),-1;4,(260,212),(260,280),1,-1;4,(352,487),(418,430),1,-1;4,(352,487),(352,440),0,-1;4,(352,440),(586,440),-1,-1;4,(418,430),(498,428),-1,-1;4,(613,0),(613,51),0,-1;4,(69,62),(261,59),-1,-1;4,(23,51),(299,51),-1,-1
ldot	1,(251,721),5;2,(27,0),0;6,(380,245),(380,417),-1;4,(251,721),(74,621),1,-1;4,(74,621),(20,676),0,-1;4,(27,0),(72,61),0,-1;4,(72,61),(266,60),-1,-1
lslash	1,(251,721),5;2,(27,0),0;4,(27,0),(27,51),0,-1;4,(251,721),(74,621),1,-1;4,(74,621),(20,676),0,-1
ohorn	1,(286,503),0;2,(286,-16),0;4,(286,-16),(286,39),0,-1;4,(286,503),(286,448),0,-1
oslash	1,(286,503),0;2,(286,-16),0;14,(230,117),(286,-16),(286,503),-1;4,(230,117),(222,216),0,-1;14,(342,367),(286,503),(286,-16),-1;4,(286,503),(286,448),0,-1;4,(286,-16),(286,39),0,-1;4,(342,367),(350,268),0,-1
oe	1,(286,503),0;1,(619,503),0;2,(286,-16),0;2,(610,-16),0;6,(551,231),(550,288),0;4,(286,503),(286,448),0,-1;4,(286,-16),(286,39),0,-1;14,(450,46),(286,-16),(286,503),-1;14,(452,438),(286,-16),(286,503),-1;4,(610,-16),(674,92),1,-1;4,(619,503),(606,449),0,-1
longs	1,(343,731),5;2,(28,0),0;4,(343,731),(299,673),1,-1;4,(28,0),(72,61),1,-1;4,(72,61),(265,69),-1,-1;4,(72,61),(28,51),-1,-1;4,(28,51),(338,51),-1,-1
germandbls	1,(390,731),5;2,(450,-16),0;2,(27,0),0;14,(534,463),(390,731),(450,-16),-1;14,(558,329),(450,-16),(390,731),-1;4,(450,-16),(442,43),0,-1;14,(439,184),(450,-16),(390,731),-1;14,(410,456),(390,731),(450,-16),-1;4,(390,731),(377,676),0,-1;4,(27,0),(27,51),0,-1;4,(27,0),(72,61),1,-1
uogonek	1,(542,498),0;1,(244,498),0;2,(211,-16),0;2,(603,-1),0;2,(448,-8),0;2,(371,-12),0;2,(511,-5),0;6,(479,-227),(553,-134),1;14,(367,67),(211,-16),(542,498),-1;4,(244,498),(17,418),1,-1;4,(17,418),(69,406),-1,-1;4,(211,-16),(301,91),1,-1;4,(542,498),(321,418),1,-1;4,(321,418),(369,407),-1,-1;4,(603,-1),(557,60),1,-1;4,(557,60),(603,50),-1,-1
uhorn	1,(244,498),0;1,(542,498),0;2,(211,-16),0;2,(371,-12),0;2,(603,-1),0;4,(244,498),(69,406),1,-1;4,(69,406),(17,463),1,-1;4,(211,-16),(301,91),1,-1;4,(542,498),(369,407),1,-1;4,(369,407),(321,458),1,-1;4,(371,-12),(557,60),1,-1;4,(603,-1),(603,50),0,-1
eth	1,(131,731),5;1,(273,487),0;2,(271,-16),0;6,(262,562),(209,615),0;14,(307,482),(271,-16),(131,731),-1;4,(131,731),(103,671),0,-1;4,(209,615),(305,659),-1,-1;4,(262,562),(371,612),-1,-1;4,(271,-16),(282,39),0,-1;4,(273,487),(282,433),0,-1
thorn	1,(403,503),0;1,(248,721),5;2,(384,-16),0;2,(27,-222),1;4,(403,503),(311,404),0,-1;14,(264,389),(403,503),(384,-16),-1;14,(264,94),(384,-16),(403,503),-1;4,(384,-16),(311,80),0,-1;4,(27,-222),(72,-160),0,-1;4,(248,721),(74,624),1,-1;4,(74,624),(20,676),0,-1;4,(72,-160),(263,-155),-1,-1
schwa	1,(250,503),0;2,(260,-16),0;6,(306,214),(303,271),0;4,(250,503),(188,395),1,-1;4,(260,-16),(251,38),0,-1
f_i	1,(17,478),0;1,(559,503),0;1,(77,485),0;1,(577,492),0;1,(406,731),5;1,(265,487),0;2,(617,0),0;2,(312,0),0;4,(312,0),(265,62),1,-1;4,(265,62),(312,51),-1,-1;4,(312,51),(27,51),-1,-1;4,(265,62),(72,61),-1,-1;4,(265,487),(264,412),1,-1;4,(264,412),(74,412),-1,-1;4,(74,412),(17,412),-1,-1;4,(406,731),(358,679),0,-1;4,(617,0),(575,60),1,-1;4,(575,60),(617,51),-1,-1;4,(617,51),(338,51),-1,-1;4,(575,60),(383,61),-1,-1;4,(559,503),(381,412),1,-1
f_l	1,(17,478),0;1,(340,731),5;1,(571,721),5;1,(261,487),0;1,(77,485),0;2,(27,0),0;2,(353,0),0;4,(27,0),(72,61),1,-1;4,(72,61),(27,51),-1,-1;4,(77,485),(74,412),1,-1;4,(72,61),(265,68),-1,-1;4,(265,68),(392,61),-1,-1;4,(392,61),(586,60),-1,-1;4,(27,51),(322,51),-1,-1;4,(322,51),(353,51),-1,-1;4,(353,51),(625,51),-1,-1;4,(340,731),(297,669),0,-1;4,(261,487),(264,412),1,-1
f_t	1,(343,731),5;1,(261,487),0;1,(584,487),0;1,(77,485),0;2,(27,0),0;2,(549,-16),0;4,(261,487),(264,412),1,-1;4,(27,0),(72,61),1,-1;4,(72,61),(265,68),-1,-1;4,(265,68),(337,51),-1,-1;4,(72,61),(27,51),-1,-1;4,(77,485),(74,412),1,-1;4,(77,485),(17,478),-1,-1;4,(343,731),(297,669),1,-1;4,(584,487),(584,412),1,-1;4,(549,-16),(633,78),1,-1
ampersand	1,(311,664),4;2,(224,-16),0;2,(585,-16),0;2,(692,0),0;6,(476,425),(476,378),0;14,(204,298),(224,-16),(311,664),-1;4,(204,298),(174,336),-1,-1;4,(204,298),(345,382),-1,-1;4,(476,425),(552,365),1,-1;4,(476,378),(704,378),-1,-1;4,(552,365),(637,367),-1,-1;4,(585,-16),(702,81),0,-1;4,(174,336),(317,413),-1,-1;4,(311,664),(309,620),0,-1;4,(224,-16),(309,76),1,-1;14,(374,89),(224,-16),(204,298),-1
zero	1,(279,640),3;2,(279,-16),0;4,(279,-16),(279,39),0,-1;4,(279,640),(279,586),0,-1
one	1,(370,636),3;2,(73,0),0;4,(370,636),(187,523),1,-1;4,(187,523),(104,580),-1,-1;4,(73,0),(186,80),0,-1;4,(186,80),(381,81),-1,-1;4,(73,0),(73,51),0,-1;4,(73,51),(486,51),-1,-1;4,(104,580),(104,515),0,-1
zero.slash	1,(279,640),3;2,(279,-16),0;14,(486,509),(279,-16),(279,640),-1;14,(99,74),(279,-16),(279,640),-1;4,(279,640),(279,586),0,-1;4,(279,-16),(279,39),0,-1
zero.lf	1,(270,640),3;2,(270,-16),0;4,(270,-16),(270,39),0,-1;4,(270,640),(270,586),0,-1
one.lf	1,(280,636),3;2,(9,0),0;4,(280,636),(97,523),1,-1;4,(97,523),(17,580),-1,-1;4,(9,0),(96,71),0,-1;4,(96,71),(291,70),-1,-1;4,(9,0),(9,51),0,-1;4,(9,51),(371,51),-1,-1;4,(17,580),(17,515),0,-1
two.lf	1,(279,640),3;2,(502,0),0;4,(502,0),(165,140),-2,-1;4,(165,140),(38,99),-1,-1;4,(279,640),(211,586),0,-1
three.lf	1,(260,640),3;2,(250,-16),0;6,(167,294),(167,352),1;4,(260,640),(212,586),0,-1;14,(345,329),(167,352),(167,294),-1;4,(250,-16),(186,39),0,-1
four.lf	1,(305,624),3;2,(272,0),0;6,(272,109),(272,239),1;4,(272,109),(437,109),-1,-1;4,(272,239),(109,239),-1,-1;4,(109,239),(17,216),-1,-1;4,(272,239),(437,239),-1,-1;14,(272,472),(305,624),(272,0),-1
five.lf	1,(104,624),3;2,(235,-16),0;6,(206,305),(255,383),1;4,(235,-16),(200,39),0,-1;4,(104,624),(165,484),-2,-1
six.lf	1,(470,640),3;2,(282,-16),0;6,(267,322),(341,392),1;4,(470,640),(476,583),1,-1;4,(282,-16),(282,39),0,-1;14,(206,292),(470,640),(282,-16),-1
seven.lf	1,(502,624),3;2,(268,0),0;4,(502,624),(385,484),-2,-1;4,(385,484),(502,537),-1,-1
eight.lf	1,(277,640),3;2,(250,-16),0;14,(159,280),(250,-16),(277,640),-1;14,(367,363),(250,-16),(277,640),-1;4,(367,363),(310,390),-1,-1;4,(277,640),(272,585),0,-1;4,(250,-16),(267,39),0,-1;4,(159,280),(221,251),-1,-1
nine.lf	1,(260,640),3;2,(91,-20),0;4,(91,-20),(81,37),0,-1;14,(213,236),(91,-20),(260,640),-1;4,(213,236),(283,303),1,-1;4,(260,640),(265,586),0,-1
zero.lfslash	1,(270,640),3;2,(270,-16),0;14,(451,557),(270,-16),(270,640),-1;14,(87,70),(270,640),(270,-16),-1;4,(270,640),(270,586),0,-1;4,(270,-16),(270,39),0,-1
zero.tosf	1,(280,531),1;2,(280,-16),0;4,(280,-16),(280,39),0,-1;4,(280,531),(280,476),0,-1
one.tosf	1,(358,527),1;2,(52,0),0;4,(358,527),(178,411),1,-1;4,(178,411),(74,468),-1,-1;4,(52,0),(177,79),0,-1;4,(177,79),(372,79),-1,-1;4,(52,0),(52,51),0,-1;4,(52,51),(487,51),-1,-1;4,(74,468),(74,398),0,-1
zero.osf	1,(270,531),1;2,(270,-16),0;4,(270,-16),(270,39),0,-1;4,(270,531),(270,476),0,-1
one.osf	1,(288,527),1;2,(23,0),0;4,(288,527),(108,411),1,-1;4,(108,411),(24,468),-1,-1;4,(23,0),(107,71),0,-1;4,(107,71),(302,69),-1,-1;4,(23,0),(23,51),0,-1;4,(23,51),(377,51),-1,-1;4,(24,468),(24,403),0,-1
two.osf	1,(273,531),1;2,(41,0),0;4,(41,0),(189,140),1,-1;4,(189,140),(41,99),-1,-1;4,(273,531),(202,477),0,-1
zero.cap	1,(279,668),4;2,(279,-16),0;4,(279,-16),(279,39),0,-1;4,(279,668),(279,614),0,-1
one.cap	1,(370,664),4;2,(73,0),0;4,(370,664),(187,551),1,-1;4,(187,551),(104,608),-1,-1;4,(73,0),(186,80),0,-1;4,(186,80),(381,81),-1,-1;4,(73,0),(73,51),0,-1;4,(73,51),(486,51),-1,-1;4,(104,608),(104,543),0,-1
two.cap	1,(295,668),4;2,(518,0),0;4,(518,0),(180,140),-2,-1;4,(180,140),(54,99),-1,-1;4,(295,668),(227,614),0,-1
three.cap	1,(280,668),4;2,(270,-16),0;6,(187,305),(187,363),1;4,(280,668),(232,614),0,-1;14,(364,341),(187,363),(187,305),-1;4,(270,-16),(206,39),0,-1
four.cap	1,(308,652),4;2,(275,0),0;6,(275,124),(275,254),1;4,(275,124),(440,124),-1,-1;4,(275,254),(111,254),-1,-1;4,(111,254),(20,231),-1,-1;4,(275,254),(440,254),-1,-1;14,(275,498),(308,652),(275,0),-1
five.cap	1,(128,652),4;2,(259,-16),0;6,(220,321),(279,399),1;4,(259,-16),(212,39),0,-1;4,(128,652),(189,512),-2,-1
six.cap	1,(478,668),4;2,(290,-16),0;6,(275,335),(349,405),1;4,(478,668),(484,611),1,-1;14,(214,305),(478,668),(290,-16),-1;4,(214,305),(220,360),0,-1;4,(290,-16),(290,39),0,-1
seven.cap	1,(517,652),4;2,(283,0),0;4,(517,652),(402,512),-2,-1;4,(402,512),(517,565),-1,-1
eight.cap	1,(287,668),4;2,(260,-16),0;14,(231,263),(260,-16),(287,668),-1;4,(231,263),(169,292),-1,-1;14,(320,402),(287,668),(260,-16),-1;4,(320,402),(377,375),-1,-1;4,(287,668),(282,613),0,-1;4,(260,-16),(277,39),0,-1
nine.cap	1,(275,668),4;2,(106,-19),0;6,(228,248),(298,315),1;4,(106,-19),(96,38),0,-1;14,(336,275),(106,-19),(275,668),-1;4,(336,275),(343,325),1,-1;4,(275,668),(280,614),0,-1
period	2,(150,-16),0;4,(150,-16),(150,179),-2,-1
comma	2,(116,-6),0;4,(116,-6),(152,179),-2,-1
exclam	1,(185,661),4;2,(185,-16),0;4,(185,-16),(185,191),-2,-1;4,(185,191),(155,263),-2,-1
question	1,(156,672),4;2,(181,-16),0;6,(247,288),(191,426),1;4,(181,-16),(181,191),-2,-1;4,(181,191),(206,235),1,-1;4,(156,672),(172,507),1,-1
trademark	8,(582,355),0;1,(52,652),4;1,(363,652),4;1,(612,652),4;14,(559,502),(582,355),(612,652),-1;4,(52,652),(108,619),0,-1;4,(108,619),(253,619),-1,-1;4,(253,619),(363,618),-1,-1;4,(363,618),(724,616),-1,-1;4,(582,355),(537,355),-1,-1;4,(537,355),(471,355),-1,-1;4,(471,355),(285,355),-1,-1
servicemark	8,(519,355),0;1,(169,662),4;1,(300,652),4;1,(549,652),4;14,(496,502),(519,355),(549,652),-1;4,(169,662),(175,635),0,-1;4,(175,635),(300,618),-1,-1;4,(300,618),(661,616),-1,-1;4,(519,355),(474,355),-1,-1;4,(474,355),(408,355),-1,-1;4,(408,355),(149,345),-1,-1;4,(149,345),(143,372),0,-1;14,(181,409),(149,345),(169,662),-1;14,(140,599),(169,662),(149,345),-1
at	1,(482,487),0;1,(524,662),3;6,(416,-157),(431,-74),0;6,(359,37),(445,136),1;4,(482,487),(492,408),0,-1;4,(524,662),(513,581),0,-1;4,(359,37),(648,37),-1,-1;4,(445,136),(670,102),-1,-1
at.cap	6,(359,103),(445,202),1;6,(492,474),(482,553),0;6,(524,728),(513,647),0;6,(416,-91),(431,-8),0;4,(359,103),(648,103),-1,-1;4,(445,202),(670,168),-1,-1
zero.sups	8,(186,397),0;8,(186,803),0;4,(186,397),(186,431),0,-1;4,(186,803),(186,769),0,-1
one.sups	8,(64,406),0;8,(251,804),0;4,(251,804),(137,730),1,-1;4,(137,730),(70,762),-1,-1;4,(64,406),(137,456),1,-1;4,(137,456),(260,456),-1,-1;4,(64,406),(64,438),0,-1;4,(64,438),(328,438),-1,-1;4,(70,762),(70,720),0,-1
two.sups	8,(39,406),0;8,(201,803),0;4,(39,406),(131,499),1,-1;4,(131,499),(39,467),-1,-1;4,(201,803),(149,769),0,-1
three.sups	8,(182,803),0;8,(176,394),0;6,(123,588),(123,624),0;4,(182,803),(151,769),0,-1;14,(236,610),(123,624),(123,588),-1;4,(176,394),(135,428),0,-1
four.sups	8,(188,406),0;8,(209,793),0;6,(188,569),(188,491),1;4,(188,569),(84,569),-1,-1;4,(84,569),(25,555),-1,-1;4,(188,569),(294,569),-1,-1;4,(188,491),(294,491),-1,-1;14,(188,703),(209,793),(188,406),-1
five.sups	8,(168,394),0;8,(84,793),0;6,(149,604),(181,651),0;4,(168,394),(145,427),0,-1;4,(84,793),(122,703),1,-1
six.sups	8,(198,394),0;8,(318,803),0;6,(189,603),(235,645),0;4,(318,803),(322,769),0,-1;4,(198,394),(198,427),0,-1
seven.sups	8,(340,793),0;8,(191,406),0;4,(340,793),(262,700),1,-1;4,(262,700),(340,741),-1,-1
eight.sups	8,(177,394),0;8,(194,803),0;14,(158,563),(177,394),(194,803),-1;4,(158,563),(119,581),-1,-1;14,(215,648),(177,394),(194,803),-1;4,(215,648),(252,631),-1,-1;4,(194,803),(191,771),0,-1;4,(177,394),(187,427),0,-1
nine.sups	8,(182,803),0;8,(74,394),0;4,(74,394),(67,428),0,-1;4,(182,803),(185,771),0,-1;14,(152,557),(74,394),(185,771),-1;4,(152,557),(197,597),0,-1
a.sups	8,(108,396),0;1,(187,731),5;6,(200,571),(200,600),-2;4,(108,396),(161,448),0,-1;4,(161,448),(322,443),-1,0;4,(108,396),(279,397),-1,0;4,(187,731),(146,698),0,-1;14,(77,608),(108,396),(187,731),-1
b.sups	8,(154,872),0;8,(247,396),0;1,(260,731),5;4,(247,396),(207,450),0,-1;14,(159,434),(247,396),(207,450),-1;4,(247,396),(147,395),-1,0;4,(207,450),(54,444),-1,0;4,(154,872),(54,811),1,-1;4,(54,811),(11,843),0,-1;4,(260,731),(208,676),0,-1
c.sups	8,(184,396),0;1,(201,731),5;4,(201,731),(216,698),0,-1;4,(184,396),(220,457),1,-1
d.sups	8,(342,872),0;8,(151,396),0;1,(165,731),5;6,(384,406),(353,442),0;4,(151,396),(203,451),0,-1;4,(165,731),(205,677),0,-1;4,(151,396),(250,400),-1,0;4,(342,872),(242,809),1,-1;4,(242,809),(196,843),0,-1
e.sups	8,(186,396),0;1,(192,731),5;6,(135,560),(135,593),0;4,(186,396),(224,457),1,-1;4,(192,731),(184,698),0,-1
f.sups	8,(220,885),0;8,(12,406),0;1,(157,719),5;1,(10,714),5;1,(50,719),5;4,(12,406),(211,436),0,-1;4,(211,436),(12,436),-1,-1;4,(12,406),(48,443),0,-1;4,(157,719),(223,675),0,-1;4,(223,675),(48,675),-1,-1;4,(48,675),(10,675),-1,-1;4,(220,885),(189,847),0,-1;4,(48,443),(159,447),-1,-1
g.sups	1,(168,731),5;1,(351,732),5;1,(141,472),0;1,(26,460),0;6,(153,257),(164,295),0;6,(298,676),(272,705),0;6,(168,522),(168,552),0;4,(141,472),(149,380),1,-1;4,(351,732),(362,676),0,-1;14,(63,400),(141,472),(149,380),-1;14,(79,539),(168,522),(168,552),-1;4,(168,731),(168,701),0,-1
h.sups	8,(154,872),0;8,(17,406),0;1,(267,731),5;4,(17,406),(54,444),0,-1;4,(54,444),(165,442),-1,-1;4,(165,442),(255,443),-1,-1;4,(255,443),(366,443),-1,-1;4,(17,406),(17,436),0,-1;4,(17,436),(196,436),-1,-1;4,(196,436),(221,436),-1,-1;4,(221,436),(400,436),-1,-1;4,(17,406),(221,406),-1,-1;4,(267,731),(221,669),1,-1;4,(154,872),(54,809),1,-1;4,(54,809),(11,843),0,-1
i.sups	8,(198,406),0;1,(154,731),5;4,(154,731),(109,782),1,-1;4,(109,782),(109,888),-2,-1;4,(198,406),(198,436),0,-1;4,(198,436),(19,436),-1,-1;4,(198,406),(165,443),0,-1;4,(165,443),(54,443),-1,-1;4,(154,731),(54,657),1,-1;4,(54,657),(12,688),0,-1
j.sups	8,(10,250),0;1,(154,731),5;4,(154,731),(109,782),1,-1;4,(109,782),(109,888),1,-1;4,(154,731),(54,657),1,-1;4,(54,657),(12,688),0,-1;4,(10,250),(43,300),0,-1
k.sups	8,(402,406),0;8,(154,872),0;1,(228,719),5;4,(154,872),(54,809),1,-1;4,(54,809),(11,843),0,-1;14,(165,541),(402,406),(154,872),-1;4,(165,541),(165,583),0,-1;4,(228,719),(273,684),0,-1;4,(273,684),(384,690),-1,0;4,(384,690),(324,683),-1,0;4,(165,541),(188,561),-1,-1;4,(188,561),(264,629),-1,-1;4,(402,406),(359,446),0,-1;4,(402,406),(402,436),0,-1;4,(359,446),(165,443),-1,-1;4,(402,436),(195,436),-1,-1;4,(402,406),(195,406),-1,-1;4,(402,436),(20,436),-1,-1;4,(165,443),(54,443),-1,-1
l.sups	8,(196,406),0;8,(154,872),0;4,(154,872),(54,809),1,-1;4,(54,809),(11,843),0,-1;4,(196,406),(165,443),0,-1;4,(196,406),(196,436),0,-1;4,(196,436),(20,436),-1,-1;4,(165,443),(54,443),-1,-1
m.sups	8,(595,406),0;1,(267,731),5;1,(462,731),5;1,(148,731),5;4,(595,406),(561,443),0,-1;4,(595,406),(595,436),0,-1;4,(595,436),(420,436),-1,-1;4,(561,443),(452,444),-1,-1;4,(462,731),(415,669),1,-1;4,(452,444),(364,443),-1,-1;4,(420,436),(395,436),-1,-1;4,(595,406),(395,406),-1,-1;4,(395,436),(221,436),-1,-1;4,(364,443),(255,444),-1,-1;4,(415,669),(223,669),-1,-1;4,(255,444),(166,442),-1,-1;4,(221,436),(197,436),-1,-1;4,(395,406),(197,406),-1,-1;4,(197,436),(19,436),-1,-1;4,(166,442),(55,444),-1,-1;4,(148,731),(55,657),1,-1;4,(55,657),(13,688),0,-1
n.sups	8,(19,406),0;1,(270,731),5;1,(149,731),5;4,(19,406),(55,444),0,-1;4,(55,444),(166,442),-1,-1;4,(166,442),(256,443),-1,-1;4,(256,443),(367,443),-1,-1;4,(19,406),(19,436),0,-1;4,(19,436),(197,436),-1,-1;4,(197,436),(222,436),-1,-1;4,(222,436),(400,436),-1,-1;4,(19,406),(222,406),-1,-1;4,(270,731),(222,669),1,-1;4,(149,731),(55,657),1,-1;4,(55,657),(13,688),0,-1
o.sups	8,(190,396),0;1,(190,731),5;4,(190,731),(190,697),0,-1;4,(190,396),(190,430),0,-1
p.sups	8,(202,257),0;8,(244,396),0;1,(256,731),5;1,(143,731),5;4,(256,731),(204,676),0,-1;4,(244,396),(203,450),0,-1;4,(202,257),(202,287),0,-1;4,(202,287),(14,287),-1,-1;4,(202,257),(162,296),0,-1;4,(162,296),(50,294),-1,-1;4,(143,731),(50,657),1,-1;4,(50,657),(8,688),0,-1;14,(162,426),(244,396),(203,450),-1
q.sups	8,(389,257),0;8,(154,396),0;1,(356,725),5;1,(173,731),5;4,(154,396),(206,451),0,-1;4,(173,731),(209,677),0,-1;4,(389,257),(356,294),-2,-1;4,(389,257),(389,287),0,-1;4,(389,287),(205,287),-1,-1;4,(356,294),(245,296),-1,-1
r.sups	8,(220,406),0;1,(254,731),5;1,(149,731),5;4,(220,406),(220,436),0,-1;4,(220,436),(18,436),-1,-1;4,(220,406),(166,447),0,-1;4,(166,447),(55,444),-1,-1;4,(149,731),(55,657),1,-1;4,(55,657),(13,688),0,-1;4,(254,731),(256,627),1,-1
s.sups	8,(133,396),0;1,(160,731),5;4,(133,396),(134,432),0,-1;14,(192,471),(133,396),(160,731),-1;4,(160,731),(158,696),0,-1;14,(109,658),(160,731),(133,396),-1
t.sups	8,(136,400),0;1,(4,714),5;1,(153,719),5;1,(47,719),5;4,(136,400),(187,451),1,-1;4,(4,714),(42,675),0,-1;4,(42,675),(220,675),-1,-1
u.sups	8,(134,396),0;1,(342,726),5;1,(141,726),5;6,(387,406),(353,443),0;4,(134,396),(246,400),-1,0;4,(141,726),(39,681),0,-1;4,(39,681),(7,712),0,-1;4,(134,396),(186,458),1,-1;4,(39,681),(241,681),-1,-1;4,(7,712),(209,710),-1,-1;4,(387,406),(387,436),0,-1
v.sups	8,(150,404),0;1,(190,719),5;4,(190,719),(149,681),0,-1;4,(149,681),(30,683),-1,-1;4,(190,719),(190,690),0,-1;4,(190,690),(-5,690),-1,-1;14,(210,517),(150,404),(190,719),-1;4,(149,681),(268,683),-1,-1;4,(190,690),(227,690),-1,-1;4,(190,719),(227,719),-1,-1;4,(227,690),(356,690),-1,-1;4,(268,683),(314,684),-1,-1
w.sups	8,(132,404),0;1,(-5,719),5;4,(132,404),(336,404),-1,-1;4,(-5,719),(26,686),0,-1;4,(-5,719),(-5,690),0,-1;4,(-5,690),(176,690),-1,-1;4,(26,686),(137,685),-1,-1;14,(391,520),(336,404),(373,719),-1;4,(391,520),(189,518),-1,-1;4,(137,685),(246,685),-1,-1;4,(176,690),(208,690),-1,-1;4,(-5,719),(208,719),-1,-1;4,(208,690),(373,690),-1,-1;4,(246,685),(337,685),-1,-1;4,(337,685),(445,684),-1,-1;4,(373,690),(407,690),-1,-1;4,(208,719),(407,719),-1,-1;4,(407,690),(532,690),-1,-1;4,(445,684),(491,683),-1,-1
x.sups	8,(133,406),0;1,(235,719),5;1,(200,719),5;4,(133,406),(133,436),-2,-1;4,(133,436),(8,436),-1,-1;4,(133,406),(102,442),0,-1;4,(102,442),(55,443),-1,-1;14,(154,517),(133,406),(200,719),-1;4,(154,517),(134,549),-1,-1;4,(235,719),(265,684),0,-1;4,(265,684),(171,686),-1,-1;4,(171,686),(46,685),-1,-1;4,(235,719),(235,690),0,-1;4,(235,690),(200,690),-1,-1;4,(200,690),(10,690),-1,-1;4,(133,406),(170,406),-1,-1;14,(218,613),(235,719),(170,406),-1;4,(265,684),(313,683),-1,-1;4,(218,613),(237,583),-1,-1;4,(102,442),(201,441),-1,-1;4,(201,441),(329,442),-1,-1;4,(133,436),(170,436),-1,-1;4,(170,436),(363,436),-1,-1
y.sups	8,(71,255),0;1,(-11,719),5;1,(231,719),5;4,(71,255),(52,336),1,-1;14,(161,380),(71,255),(-11,719),-1;4,(-11,719),(27,682),0,-1;4,(-11,719),(-11,690),0,-1;4,(-11,690),(185,691),-1,-1;4,(27,682),(144,681),-1,-1;4,(161,380),(208,507),-1,-1;4,(144,681),(273,683),-1,-1;4,(185,691),(231,690),-1,-1;4,(231,690),(356,690),-1,-1;4,(273,683),(315,684),-1,-1
z.sups	8,(299,406),0;1,(24,719),5;4,(24,719),(180,690),0,-1;4,(180,690),(299,694),-1,-1;4,(299,406),(230,436),0,-1;4,(230,436),(15,431),-1,-1
egrave.sups	8,(186,396),0;1,(192,731),5;6,(135,560),(135,593),0;4,(192,731),(199,756),-2,-1;4,(186,396),(224,457),1,-1;4,(192,731),(184,698),0,-1
eacute.sups	8,(186,396),0;1,(192,731),5;6,(135,560),(135,593),0;4,(192,731),(175,756),-2,-1;4,(186,396),(224,457),1,-1;4,(192,731),(184,698),0,-1
dollar	1,(325,639),3;1,(254,638),3;2,(317,-12),0;2,(246,-16),0;14,(254,425),(325,639),(317,-12),-1;4,(325,639),(325,585),0,-1;4,(325,585),(254,576),-1,-1;14,(317,210),(246,-16),(254,638),-1;4,(317,-12),(317,50),0,-1;4,(317,50),(246,39),-1,-1;4,(317,210),(246,243),-1,-1;4,(254,425),(325,395),-1,-1
sterling	1,(313,640),3;2,(50,0),0;14,(268,265),(50,0),(313,640),-1;4,(268,265),(265,325),1,-1;4,(265,325),(122,325),-1,-1;4,(313,640),(348,585),0,-1;4,(50,0),(186,140),1,-1;4,(186,140),(50,109),-1,-1;4,(268,265),(141,265),-1,-1
yen	1,(365,625),3;1,(-4,625),3;2,(101,0),0;4,(101,0),(187,66),1,-1;14,(168,326),(187,66),(365,625),0;4,(168,326),(188,266),1,-1;4,(188,266),(188,210),-2,-1;4,(-4,625),(44,562),0,-1;4,(-4,625),(-4,567),0,-1;4,(-4,567),(307,567),-1,-1;4,(44,562),(233,560),-1,-1;4,(168,326),(330,344),-1,-1;4,(233,560),(430,556),-1,-1;4,(365,625),(365,567),0,-1;4,(365,567),(563,567),-1,-1;4,(430,556),(509,556),-1,-1;4,(168,326),(391,326),-1,-1;4,(188,266),(372,266),-1,-1;4,(188,210),(372,210),-1,-1;4,(188,210),(188,150),1,-1;4,(188,150),(372,150),-1,-1;4,(187,66),(373,66),-1,-1;4,(101,0),(101,58),0,-1;4,(101,58),(458,58),-1,-1
florin	1,(413,640),3;6,(475,351),(475,411),1;6,(148,-106),(143,-58),0;4,(475,411),(210,411),-1,-1;4,(413,640),(418,592),0,-1;4,(475,351),(204,351),-1,-1
Euro	1,(357,640),3;2,(351,-16),0;6,(239,225),(234,285),1;4,(239,225),(72,225),-1,-1;4,(234,285),(67,285),-1,-1;4,(234,285),(234,351),-2,-1;4,(234,351),(67,351),-1,-1;4,(234,351),(239,411),1,-1;4,(239,411),(75,411),-1,-1;4,(357,640),(359,585),0,-1;4,(351,-16),(382,39),0,-1
rupeeindian	1,(59,625),3;2,(371,-16),0;2,(481,0),0;6,(59,251),(59,311),1;4,(59,625),(59,565),1,-1;4,(59,565),(59,475),-2,-1;4,(59,475),(59,415),0,-1;4,(59,565),(351,565),-1,-1;4,(59,475),(400,475),-1,-1;4,(59,415),(400,415),-1,-1;14,(277,288),(59,311),(59,251),-1;4,(371,-16),(481,57),1,-1
liraturkish	1,(24,625),3;2,(99,0),0;2,(277,-16),0;14,(292,248),(99,0),(24,625),-1;4,(292,248),(102,159),-1,-1;4,(292,248),(292,318),1,-1;4,(292,318),(102,229),-1,-1;4,(292,318),(292,377),-2,-1;4,(292,377),(102,289),-1,-1;4,(292,377),(292,447),1,-1;4,(292,447),(102,359),-1,-1;4,(24,625),(101,560),1,-1;4,(24,625),(24,567),0,-1;4,(24,567),(377,567),-1,-1;4,(101,560),(293,560),-1,-1;4,(277,-16),(302,44),0,-1
ruble	1,(25,625),3;2,(368,0),0;6,(10,251),(10,311),0;4,(25,625),(91,562),1,-1;4,(25,625),(25,568),0,-1;4,(10,251),(299,251),-1,-1;4,(10,251),(92,191),-2,-1;4,(92,191),(282,191),-1,-1;4,(92,191),(91,131),1,-1;4,(91,131),(283,131),-1,-1;4,(368,0),(283,65),1,-1;4,(368,0),(368,57),0,-1;4,(368,57),(25,57),-1,-1;4,(283,65),(91,63),-1,-1;4,(10,311),(282,311),-1,-1;4,(25,568),(284,565),-1,-1
arrowleft	6,(650,225),(650,345),1
arrowupleft	1,(133,540),1;4,(133,540),(223,438),1,-1
arrowup	2,(270,-35),0
arrowupright	1,(527,540),1;4,(527,540),(437,438),1,-1
arrowright	6,(10,225),(10,345),1
arrowdownright	6,(527,30),(437,132),1
arrowdown	2,(371,-35),0;4,(371,-35),(363,101),1,-1
arrowdownleft	6,(133,30),(223,132),1
circumflexcmb	8,(-38,757),0;4,(-38,757),(0,643),-2,-1
circumflexcmb.cap	8,(-41,882),0;4,(-41,882),(0,765),-2,-1
tildecmb	6,(67,570),(74,683),-2;4,(74,683),(-64,732),-1,-1;4,(67,570),(-75,619),-1,-1;14,(136,734),(-75,619),(-64,732),-1;14,(-136,569),(67,570),(74,683),-1
tildecmb.cap	6,(67,695),(74,808),-2;4,(74,808),(-63,857),-1,-1;4,(67,695),(-74,744),-1,-1;14,(136,859),(-74,744),(-63,857),-1;14,(-135,694),(67,695),(74,808),-1
macroncmb	6,(171,583),(171,683),-2
macroncmb.cap	6,(165,717),(165,817),-2
brevecmb	6,(0,563),(0,653),-2
brevecmb.cap	6,(0,698),(0,787),-2
dotaccentcmb	6,(0,562),(0,734),-1
dotaccentcmb.cap	6,(0,698),(0,870),-2
dieresiscmb	6,(126,567),(126,725),-2;4,(126,567),(-126,567),-1,-1;4,(126,725),(-126,725),-1,-1
dieresiscmb.cap	6,(-130,700),(-130,850),-2;4,(-130,700),(130,700),-1,-1;4,(-130,850),(130,850),-1,-1
ringcmb	6,(0,554),(0,610),-2;4,(0,610),(0,738),-2,-1;4,(0,738),(0,794),-2,-1
ringcmb.cap	6,(0,693),(0,743),-2;4,(0,743),(0,845),-2,-1;4,(0,845),(0,895),-2,-1
caroncmb	6,(45,563),(0,676),-2
caroncmb.cap	6,(45,696),(0,800),-2
cedillacmb	6,(25,-48),(-42,-90),-2;4,(-42,-90),(-32,-170),-2,-1;4,(-32,-170),(-15,-227),0,-1
ogonekcmb	6,(-22,-227),(52,-134),-2
Gamma	1,(28,652),4;2,(28,0),0;4,(28,0),(28,59),0,-1;4,(28,0),(97,66),1,-1;4,(28,652),(97,586),1,-1;4,(28,652),(28,593),0,-1;4,(97,586),(298,593),-1,-1;4,(97,66),(297,68),-1,-1;4,(28,59),(386,59),-1,-1
Delta	1,(267,652),4;2,(40,0),0;14,(257,492),(40,0),(267,652),-1;4,(40,0),(112,120),-2,-1
Lambda	1,(278,652),4;2,(656,0),0;2,(216,0),0;4,(656,0),(605,64),0,-1;4,(656,0),(656,59),1,-1;4,(656,59),(313,54),-1,-1;4,(605,64),(394,65),-1,0;14,(270,449),(5,0),(278,652),-1;4,(394,65),(141,68),-1,0;4,(313,54),(216,54),-1,-1;4,(216,54),(5,59),-1,-1;4,(141,68),(74,71),-1,0
Xi	1,(39,652),4;2,(529,0),0;6,(374,264),(374,392),0;4,(39,652),(526,452),-2,-1;4,(39,652),(443,512),-2,-1;4,(526,452),(106,452),-1,-1;4,(106,452),(32,452),-1,-1;4,(529,0),(22,200),-2,-1;4,(529,0),(105,140),-2,-1;4,(22,200),(462,200),-1,-1
Pi	1,(28,652),4;2,(28,0),0;2,(395,0),0;4,(28,652),(95,586),1,-1;4,(95,586),(295,589),-1,-1;4,(28,0),(95,66),1,-1;4,(95,66),(295,65),-2,-1;4,(28,0),(28,59),0,-1;4,(28,59),(357,59),-1,-1;4,(28,652),(28,593),0,-1;4,(28,593),(724,593),-1,-1;4,(295,589),(657,586),-1,-1;4,(395,0),(457,65),1,-1;4,(457,65),(657,66),-1,-1;4,(395,0),(395,59),0,-1;4,(395,59),(724,59),-1,-1
Sigma	1,(40,652),4;2,(535,0),0;4,(40,652),(215,592),1,-1;14,(211,311),(30,0),(40,652),-1;4,(211,311),(354,351),-1,-1;4,(535,0),(173,140),-2,-1;4,(40,652),(40,595),0,-1
Phi	1,(256,662),4;2,(256,0),0;4,(256,662),(325,595),1,-1;4,(325,595),(325,550),-1,-1;4,(256,662),(256,603),0,-1;4,(256,603),(569,603),-1,-1;4,(325,595),(500,595),-1,-1;4,(325,550),(500,550),-1,-1;4,(256,0),(325,66),1,-1;4,(325,66),(325,119),-1,-1;4,(325,119),(500,119),-1,-1;4,(325,66),(500,67),-1,-1;4,(256,0),(256,59),0,-1;4,(256,59),(569,59),-1,-1;4,(500,119),(499,183),0,-1;4,(499,183),(326,183),-1,-1;4,(325,550),(326,487),0,-1;4,(326,487),(499,487),-1,-1
Psi	1,(-5,652),4;1,(286,652),4;1,(857,652),4;2,(266,0),0;6,(337,233),(337,291),0;4,(-5,652),(-5,593),0,-1;4,(286,652),(336,587),1,-1;4,(286,652),(286,593),0,-1;4,(286,593),(566,593),-1,-1;4,(336,587),(516,587),-1,-1;4,(337,291),(515,291),-1,-1;4,(857,652),(857,593),0,-1;4,(337,233),(515,233),-1,-1;4,(266,0),(336,66),1,-1;4,(336,66),(516,66),-1,-1;4,(266,0),(266,59),0,-1;4,(266,59),(586,59),-1,-1
Omega	1,(375,672),4;2,(719,0),0;2,(340,0),0;4,(340,0),(340,110),-2,-1;4,(340,110),(235,130),-1,-1;4,(340,110),(410,110),-1,-1;4,(410,110),(515,130),-1,-1;4,(375,672),(375,612),0,-1
alpha	1,(239,503),0;1,(525,498),0;2,(230,-16),0;2,(477,-16),0;14,(351,426),(230,-16),(239,503),-1;4,(477,-16),(550,89),0,-1;14,(365,56),(230,-16),(239,503),-1;4,(230,-16),(288,74),0,-1;4,(239,503),(275,414),1,-1
beta	8,(70,-195),0;1,(328,721),5;2,(396,-16),0;6,(299,338),(285,430),1;4,(396,-16),(328,122),0,-1;4,(328,721),(312,666),1,-1;14,(379,374),(285,430),(299,338),-1;14,(229,85),(396,-16),(328,721),-1
gamma	8,(204,-195),0;1,(130,497),0;1,(446,503),0;1,(512,474),0;4,(130,497),(41,386),0,-1
delta	1,(280,721),5;2,(278,-16),0;14,(195,466),(278,-16),(280,721),-1;4,(280,721),(263,665),1,-1;4,(278,-16),(298,48),1,-1;4,(195,466),(244,428),-1,-1
epsilon	1,(275,503),0;2,(245,-16),0;6,(299,205),(302,312),0;14,(186,234),(299,205),(302,312),-1;4,(275,503),(239,441),1,-1;4,(302,312),(341,314),-1,0;4,(245,-16),(296,99),0,-1
zeta	8,(152,-213),0;1,(424,713),5;4,(152,-213),(143,-130),1,-1;4,(424,713),(295,584),1,-1
eta	8,(368,-196),0;1,(129,498),0;1,(399,503),0;2,(78,-16),0;4,(129,498),(41,391),0,-1;14,(252,352),(257,-1),(129,498),-1;4,(252,352),(249,403),-1,-1;4,(399,503),(323,386),1,-1
theta	1,(273,721),5;2,(261,-16),0;6,(335,327),(334,397),1;4,(273,721),(262,661),0,-1;4,(261,-16),(267,44),0,-1
iota	1,(235,498),0;2,(195,-16),0;4,(195,-16),(284,89),0,-1
kappa	1,(135,497),0;1,(497,504),0;2,(442,-16),0;2,(78,-16),0;14,(281,239),(442,-16),(497,504),-1;4,(135,497),(41,390),0,-1;14,(248,286),(442,-16),(497,504),-1;4,(497,504),(422,334),0,-1;4,(442,-16),(501,128),0,-1
lambda	1,(166,723),5;2,(220,-10),0;2,(509,-16),0;14,(331,308),(220,-10),(166,723),-1;4,(166,723),(160,583),-2,-1;4,(509,-16),(560,128),-2,-1
mu	8,(70,-195),0;1,(221,503),0;1,(511,503),0;1,(239,492),0;1,(529,492),0;2,(473,-16),0;2,(265,-16),0;4,(265,-16),(287,111),0,-1;4,(473,-16),(550,89),0,-1;14,(366,68),(473,-16),(221,503),-1;14,(208,21),(473,-16),(221,503),-1
nu	1,(145,498),0;1,(437,504),0;1,(513,475),0;2,(211,-12),0;4,(145,498),(48,387),0,-1;14,(334,80),(211,-12),(145,498),-1
xi	8,(172,-214),0;1,(35,716),5;6,(350,299),(358,428),0;4,(172,-214),(162,-130),1,-1;14,(201,326),(350,299),(358,428),-1;4,(35,716),(203,586),0,-1;4,(203,586),(448,598),-1,-1;4,(350,299),(408,298),-1,0
omicron	1,(284,503),0;2,(275,-16),0;4,(275,-16),(293,48),1,-1;4,(284,503),(264,439),1,-1
pi	1,(256,495),0;2,(464,-16),0;2,(129,-16),0;4,(256,495),(599,349),0,-1;4,(464,-16),(550,89),0,-1;4,(599,349),(345,359),-1,-1;4,(345,359),(247,359),-1,-1;4,(129,-16),(155,161),0,-1;4,(247,359),(179,358),-1,0
rho	8,(65,-195),0;1,(297,503),0;2,(343,-16),0;4,(343,-16),(302,64),0,-1;4,(297,503),(277,439),1,-1;14,(227,36),(343,-16),(297,503),-1
sigma	1,(374,495),0;2,(272,-16),0;4,(272,-16),(294,48),1,-1;4,(374,495),(280,428),0,-1;14,(431,385),(272,-16),(374,495),-1
tau	1,(256,495),0;2,(284,-16),0;4,(256,495),(465,349),0,-1;4,(284,-16),(360,89),0,-1;4,(465,349),(171,353),-1,-1
upsilon	1,(130,498),0;1,(423,503),0;2,(288,-16),0;4,(130,498),(41,391),0,-1;4,(288,-16),(338,64),0,-1
phi	8,(319,-205),0;1,(327,503),0;1,(455,504),0;2,(309,-22),0;2,(471,-23),0;4,(309,-22),(313,44),1,-1;4,(327,503),(325,442),1,-1;4,(325,442),(457,442),-1,-1;4,(313,44),(468,41),-1,-1
chi	8,(479,-205),0;1,(129,500),0;14,(315,21),(479,-205),(129,500),-1;4,(479,-205),(213,-199),-1,-1;4,(129,500),(83,386),-2,-1;14,(287,287),(479,-205),(129,500),-1;4,(129,500),(385,497),-1,-1;4,(479,-205),(522,-79),-2,-1
psi	8,(363,-205),0;8,(369,628),0;1,(135,498),0;1,(683,502),0;2,(356,-15),0;2,(514,-8),0;4,(135,498),(36,391),0,-1;4,(356,-15),(360,59),0,-1;4,(360,59),(512,61),-1,-1
omega	1,(299,503),0;1,(467,503),0;2,(235,-16),0;2,(537,-16),0;4,(299,503),(309,460),0,-1;4,(235,-16),(282,82),0,-1;4,(282,82),(497,82),-1,-1;4,(309,460),(460,460),-1,-1
sigma.end	8,(143,-213),0;1,(298,503),0;4,(143,-213),(134,-130),1,-1;4,(298,503),(246,447),1,-1
Be	1,(26,652),4;2,(26,0),0;6,(290,335),(290,394),0;4,(26,0),(26,59),0,-1;4,(26,0),(95,66),1,-1;4,(26,652),(95,586),1,-1;4,(26,652),(26,593),0,-1;4,(26,593),(292,593),-1,-1;4,(26,59),(292,62),-1,-1
De	8,(91,-190),0;1,(157,652),4;2,(120,0),0;4,(120,0),(64,63),1,-1;4,(157,652),(240,581),1,-1;4,(157,652),(157,593),0,-1;4,(157,593),(681,593),-1,-1;4,(240,581),(306,589),-1,-1;4,(306,589),(614,586),-1,-1;4,(64,63),(160,63),-1,-1;4,(160,63),(614,63),-1,-1;4,(91,-190),(624,-190),-1,-1
Zhe	1,(341,652),4;1,(145,672),4;1,(855,672),4;2,(341,0),0;2,(995,0),0;2,(5,0),0;2,(116,-16),0;2,(884,-16),0;6,(409,301),(409,361),0;4,(341,0),(341,59),0,-1;4,(341,0),(408,66),1,-1;4,(5,0),(5,59),0,-1;14,(310,334),(409,361),(409,301),-1;4,(145,672),(202,506),-2,-1;4,(341,652),(408,586),1,-1;4,(341,652),(341,593),0,-1;4,(341,593),(659,593),-1,-1;4,(408,586),(592,586),-1,-1;4,(409,361),(591,361),-1,-1;4,(855,672),(798,504),-2,-1;4,(310,334),(690,334),-1,-1;4,(995,0),(995,59),0,-1;4,(409,301),(591,301),-1,-1;4,(408,66),(592,66),-1,-1;4,(341,59),(659,59),-1,-1
Ze	1,(278,672),4;2,(263,-20),0;6,(217,307),(200,368),0;4,(263,-20),(205,39),0,-1;4,(278,672),(210,613),0,-1;14,(351,352),(217,307),(200,368),-1
Icyr	1,(28,652),4;1,(415,652),4;2,(28,0),0;2,(415,0),0;4,(28,0),(28,59),0,-1;4,(28,0),(95,66),1,-1;4,(28,652),(95,586),1,-1;4,(28,652),(28,593),0,-1;4,(28,593),(357,593),-1,-1;4,(95,586),(289,586),-1,-1;4,(415,652),(492,585),1,-1;4,(415,652),(415,593),0,-1;4,(415,593),(744,593),-1,-1;4,(492,585),(677,586),-1,-1;4,(415,0),(483,66),1,-1;4,(483,66),(677,66),-1,-1;4,(415,0),(415,59),0,-1;4,(415,59),(744,59),-1,-1;4,(95,66),(280,67),-1,-1;4,(28,59),(357,59),-1,-1
Ka	1,(28,652),4;1,(570,672),4;2,(28,0),0;2,(710,0),0;2,(599,-16),0;6,(296,301),(296,361),0;4,(28,0),(28,59),0,-1;4,(28,0),(97,66),1,-1;4,(28,652),(97,586),1,-1;4,(28,652),(28,593),0,-1;4,(28,593),(359,593),-1,-1;4,(97,586),(297,587),-1,-1;4,(570,672),(514,507),-2,-1;14,(405,334),(296,361),(296,301),-1;4,(710,0),(710,59),0,-1;4,(97,66),(297,65),-1,-1;4,(28,59),(359,59),-1,-1
El	1,(168,652),4;1,(687,652),4;2,(351,0),0;2,(107,-16),0;4,(107,-16),(169,130),-2,-1;4,(168,652),(259,582),1,-1;4,(168,652),(168,593),0,-1;4,(687,652),(687,593),0,-1;4,(259,582),(321,589),-1,-1;4,(321,589),(620,586),-1,-1;4,(351,0),(420,66),1,-1;4,(420,66),(620,66),-1,-1;4,(351,0),(351,59),0,-1;4,(351,59),(687,59),-1,-1
Pe	1,(28,652),4;2,(28,0),0;2,(389,0),0;4,(28,0),(28,59),0,-1;4,(28,0),(95,66),1,-1;4,(28,652),(95,586),1,-1;4,(28,652),(28,593),0,-1;4,(28,593),(718,593),-1,-1;4,(95,586),(295,589),-1,-1;4,(295,589),(651,586),-1,-1;4,(389,0),(451,65),1,-1;4,(451,65),(651,66),-1,-1;4,(389,0),(389,59),0,-1;4,(389,59),(718,59),-1,-1;4,(95,66),(295,65),-1,-1;4,(28,59),(357,59),-1,-1
Ucyr	1,(5,652),4;1,(420,652),4;2,(186,-20),0;4,(5,652),(5,593),0,-1;4,(5,652),(60,588),1,-1;4,(60,588),(275,585),-1,-1;14,(390,333),(186,-20),(5,652),-1;4,(275,585),(484,583),-1,-1;4,(5,593),(420,593),-1,-1;4,(420,593),(621,593),-1,-1;4,(484,583),(560,584),-1,-1;4,(186,-20),(270,88),-2,-1
Ef	1,(228,662),4;2,(228,-10),0;4,(228,662),(302,595),1,-1;4,(302,595),(302,546),-1,-1;4,(228,662),(228,603),0,-1;4,(228,603),(557,603),-1,-1;4,(302,595),(482,596),-1,-1;4,(302,546),(482,546),-1,-1;4,(228,-10),(302,57),1,-1;4,(302,57),(302,100),-1,-1;4,(302,100),(482,100),-1,-1;4,(302,57),(482,56),-1,-1;4,(228,-10),(228,49),0,-1;4,(228,49),(557,49),-1,-1;4,(302,100),(303,156),0,-1;4,(302,546),(303,490),0,-1;4,(303,156),(481,156),-1,-1;4,(303,490),(481,490),-1,-1
Tse	1,(28,652),4;1,(390,652),4;2,(28,0),0;4,(28,0),(95,66),0,-1;4,(28,652),(28,593),1,-1;4,(28,593),(352,593),-1,-1;4,(95,66),(295,63),-1,-1;4,(295,63),(446,63),-1,-1;4,(352,593),(390,593),-1,-1;4,(390,593),(714,593),-1,-1;4,(446,63),(647,63),-1,-1;4,(647,63),(744,63),-1,-1
Che	1,(10,652),4;1,(366,652),4;2,(346,0),0;6,(298,250),(365,319),0;4,(10,652),(10,593),0,-1;4,(10,593),(335,593),-1,-1;4,(10,652),(67,587),1,-1;4,(67,587),(263,586),-1,-1;4,(263,586),(425,587),-1,-1;4,(335,593),(366,593),-1,-1;4,(366,593),(695,593),-1,-1;4,(425,587),(625,586),-1,-1;4,(346,0),(425,66),1,-1;4,(425,66),(625,66),-1,-1;4,(346,0),(346,59),0,-1;4,(346,59),(695,59),-1,-1
Sha	1,(28,652),4;1,(380,652),4;1,(718,652),4;2,(28,0),0;4,(28,0),(28,59),0,-1;4,(28,0),(95,66),1,-1;4,(28,652),(95,586),1,-1;4,(28,652),(28,593),0,-1;4,(28,593),(352,593),-1,-1;4,(95,586),(295,587),-1,-1;4,(95,66),(295,63),-1,-1;4,(295,63),(436,63),-1,-1;4,(295,587),(437,587),-1,-1;4,(352,593),(380,593),-1,-1;4,(380,593),(690,593),-1,-1;4,(437,587),(633,587),-1,-1;4,(436,63),(633,63),-1,-1;4,(633,63),(775,63),-1,-1;4,(633,587),(775,587),-1,-1;4,(690,593),(718,593),-1,-1;4,(718,593),(1042,593),-1,-1;4,(775,587),(975,586),-1,-1;4,(775,63),(975,66),-1,0;4,(28,59),(1042,59),-1,-1
Shcha	8,(976,-190),0;1,(28,652),4;1,(380,652),4;1,(718,652),4;2,(28,0),0;4,(28,0),(28,59),0,-1;4,(28,0),(95,66),1,-1;4,(28,652),(95,586),1,-1;4,(28,652),(28,593),0,-1;4,(28,593),(352,593),-1,-1;4,(95,586),(295,587),-1,-1;4,(95,66),(295,63),-1,-1;4,(295,63),(436,63),-1,-1;4,(295,587),(437,587),-1,-1;4,(352,593),(380,593),-1,-1;4,(380,593),(690,593),-1,-1;4,(437,587),(633,587),-1,-1;4,(436,63),(633,63),-1,-1;4,(633,63),(774,63),-1,-1;4,(633,587),(775,587),-1,-1;4,(690,593),(718,593),-1,-1;4,(718,593),(1042,593),-1,-1;4,(775,587),(975,586),-1,-1;4,(774,63),(975,63),-1,-1;4,(975,63),(1072,63),-1,-1
Hard	1,(22,652),4;1,(505,652),4;2,(166,0),0;6,(432,345),(432,404),0;4,(166,0),(166,59),0,-1;4,(166,0),(233,66),0,-1;4,(22,652),(131,593),0,-1;4,(505,652),(505,593),0,-1;4,(505,652),(433,586),0,-1;4,(166,0),(434,62),0,-1
Yeru	1,(28,652),4;1,(617,652),4;2,(28,0),0;2,(617,0),0;6,(294,405),(295,345),0;4,(28,0),(28,59),0,-1;4,(28,0),(95,66),0,-1;4,(28,652),(95,586),0,-1;4,(28,652),(28,593),0,-1;4,(28,593),(357,593),-1,-1;4,(95,586),(295,587),-1,-1;4,(617,0),(617,59),0,-1;4,(617,0),(686,66),0,-1;4,(617,652),(686,586),0,-1;4,(617,652),(617,593),0,-1;4,(617,593),(956,593),-1,-1;4,(686,586),(886,586),-1,-1;4,(686,66),(886,66),-1,-1;4,(617,59),(956,59),-1,-1;4,(28,0),(296,62),0,-1
Soft	1,(28,652),4;2,(28,0),0;6,(307,345),(366,406),0;4,(28,0),(28,59),0,-1;4,(28,0),(95,66),0,-1;4,(28,652),(95,586),0,-1;4,(28,652),(28,593),0,-1;4,(28,593),(367,593),-1,-1;4,(95,586),(295,586),-1,-1;4,(28,59),(296,62),-1,-1
Ecyr	1,(230,672),4;2,(229,-20),0;6,(378,301),(377,365),0;4,(229,-20),(207,39),1,-1;4,(230,672),(214,612),1,-1
Yu	1,(28,652),4;1,(695,672),4;2,(28,0),0;2,(695,-20),0;6,(393,304),(394,367),0;4,(28,0),(95,66),1,-1;4,(95,66),(285,66),-1,-1;4,(28,0),(28,59),0,-1;4,(28,59),(352,59),-1,-1;4,(28,652),(95,586),1,-1;4,(28,652),(28,593),0,-1;4,(28,593),(352,593),-1,-1;4,(95,586),(285,586),-1,-1;4,(695,-20),(695,41),1,-1;4,(695,672),(695,612),1,-1
Ya	1,(667,652),4;2,(0,0),0;2,(337,0),0;2,(127,-10),0;6,(403,289),(403,349),0;4,(667,652),(667,593),0,-1;4,(667,593),(401,590),-1,-1;4,(0,0),(0,59),0,-1;14,(244,312),(403,349),(403,289),-1;4,(667,652),(598,586),1,-1;4,(337,0),(402,66),1,-1;4,(402,66),(598,66),-1,-1;4,(337,0),(337,59),0,-1;4,(337,59),(667,59),-1,-1
Dje	1,(22,652),4;2,(124,0),0;6,(408,335),(467,396),0;6,(441,-69),(429,-17),0;4,(22,652),(131,593),1,-1;4,(131,593),(401,593),-1,-1;4,(467,396),(399,394),-1,0;4,(408,335),(399,335),-1,0;4,(124,0),(124,59),0,-1;4,(124,0),(203,67),1,-1
Ieukran	1,(371,672),4;2,(370,-20),0;6,(353,301),(352,365),0;4,(371,672),(387,613),1,-1;4,(370,-20),(394,40),1,-1
Lje	1,(168,652),4;2,(107,-16),0;2,(353,0),0;6,(619,345),(619,405),1;4,(107,-16),(169,130),1,-1;4,(168,652),(259,582),1,-1;4,(168,652),(168,593),0,-1;4,(168,593),(686,593),-1,-1;4,(259,582),(620,586),-1,-1;4,(353,0),(353,59),0,-1;4,(353,0),(420,66),1,-1;4,(168,593),(321,589),-1,-1;4,(353,59),(621,62),-1,-1
Nje	1,(28,652),4;1,(390,652),4;2,(28,0),0;2,(390,0),0;6,(448,329),(448,392),0;4,(28,0),(95,66),1,-1;4,(95,66),(295,65),-1,-1;4,(28,0),(28,59),0,-1;4,(28,59),(352,59),-1,-1;4,(28,652),(95,586),1,-1;4,(28,652),(28,593),0,-1;4,(28,593),(352,593),-1,-1;4,(95,586),(295,587),-1,-1;4,(390,652),(447,587),1,-1;4,(390,652),(390,593),0,-1;4,(390,593),(719,593),-1,-1;4,(447,587),(647,586),-1,-1;4,(448,392),(646,397),-1,-1;4,(390,0),(390,59),0,-1;4,(390,0),(447,65),1,-1;4,(390,59),(648,62),-1,-1;4,(448,329),(646,338),-1,-1
Tshe	1,(22,652),4;2,(144,0),0;2,(793,0),0;6,(422,345),(422,403),0;4,(22,652),(131,593),1,-1;4,(131,593),(424,593),-1,-1;4,(793,0),(750,64),1,-1;4,(793,0),(793,59),0,-1;4,(144,0),(223,67),1,-1;4,(223,67),(423,66),-1,-1;4,(144,0),(144,59),0,-1;4,(144,59),(495,59),-1,-1
Dzhe	8,(328,-210),0;1,(28,652),4;1,(390,652),4;2,(28,0),0;4,(28,0),(28,59),0,-1;4,(28,0),(95,66),1,-1;4,(28,652),(95,586),1,-1;4,(28,652),(28,593),0,-1;4,(28,593),(352,593),-1,-1;4,(95,586),(295,587),-1,-1;4,(95,66),(295,63),-1,-1;4,(390,652),(447,587),1,-1;4,(390,652),(390,593),0,-1;4,(390,593),(714,593),-1,-1;4,(447,587),(647,586),-1,-1;4,(295,63),(647,66),-1,-1;4,(28,59),(714,59),-1,-1
Fita	1,(350,672),4;2,(350,-20),0;6,(477,304),(476,367),0;4,(350,672),(350,612),1,-1;4,(350,-20),(350,41),1,-1
Gheup	8,(467,783),0;1,(28,652),4;2,(28,0),0;4,(28,0),(28,59),0,-1;4,(28,0),(97,66),1,-1;4,(28,652),(97,586),1,-1;4,(28,652),(28,593),0,-1;4,(97,586),(298,593),-1,-1;4,(97,66),(297,68),-1,-1;4,(28,59),(386,59),-1,-1
Ghestroke	1,(28,652),4;2,(28,0),0;6,(98,304),(98,367),0;4,(28,652),(97,586),1,-1;4,(28,652),(28,593),0,-1;4,(97,586),(298,593),-1,-1;4,(98,367),(296,367),-1,-1;4,(98,304),(296,304),-1,-1;4,(28,0),(97,66),1,-1;4,(97,66),(297,68),-1,-1;4,(28,0),(28,59),0,-1;4,(28,59),(386,59),-1,-1
Zhedescender	8,(937,-190),0;1,(145,672),4;1,(855,672),4;1,(341,652),4;2,(341,0),0;2,(5,0),0;2,(116,-16),0;2,(916,-15),0;6,(409,301),(409,361),1;4,(341,0),(341,59),0,-1;4,(341,0),(408,66),1,-1;4,(5,0),(5,59),0,-1;14,(310,334),(409,301),(409,361),-1;4,(145,672),(202,506),-2,-1;4,(341,652),(408,586),1,-1;4,(341,652),(341,593),0,-1;4,(341,593),(659,593),-1,-1;4,(408,586),(592,586),-1,-1;4,(409,361),(591,361),-1,-1;4,(855,672),(798,504),-2,-1;14,(690,334),(409,301),(409,361),-1;4,(341,59),(659,59),-1,-1;4,(659,59),(1025,58),-1,-1;4,(409,301),(614,301),-1,-1;4,(408,66),(592,66),-1,-1
Kadescender	8,(652,-190),0;1,(28,652),4;1,(570,672),4;2,(28,0),0;2,(631,-15),0;6,(296,301),(296,361),0;4,(28,0),(28,59),0,-1;4,(28,0),(97,66),1,-1;4,(28,652),(97,586),1,-1;4,(28,652),(28,593),0,-1;4,(97,586),(297,587),-1,-1;4,(570,672),(514,507),-2,-1;14,(405,334),(296,301),(296,361),-1;4,(28,59),(359,59),-1,-1;4,(359,59),(740,58),-1,-1;4,(97,66),(297,65),-1,-1
Kabashkir	1,(505,652),4;1,(716,672),4;2,(174,0),0;2,(856,0),0;2,(745,-16),0;6,(442,301),(442,361),0;4,(505,652),(505,593),0,-1;4,(505,652),(443,587),1,-1;4,(716,672),(658,503),-2,-1;14,(551,334),(442,361),(442,301),-1;4,(856,0),(856,59),0,-1;4,(174,0),(243,66),1,-1;4,(243,66),(443,65),-1,-1;4,(174,0),(174,59),0,-1;4,(174,59),(505,59),-1,-1;4,(443,587),(242,593),-1,-1
Endescender	8,(670,-190),0;1,(28,652),4;1,(399,652),4;2,(28,0),0;2,(399,0),0;6,(294,304),(294,367),0;4,(28,652),(95,586),1,-1;4,(28,652),(28,593),0,-1;4,(28,593),(357,593),-1,-1;4,(95,586),(295,587),-1,-1;4,(295,587),(461,587),-1,-1;4,(357,593),(399,593),-1,-1;4,(399,593),(728,593),-1,-1;4,(461,587),(661,586),-1,-1;4,(28,0),(95,66),1,-1;4,(95,66),(295,65),-1,-1;4,(295,65),(461,65),-1,-1;4,(461,65),(661,66),-1,-1;4,(28,0),(28,59),0,-1;4,(28,59),(357,59),-1,-1;4,(357,59),(399,59),-1,-1;4,(399,59),(758,58),-1,-1
Ustraightstroke	1,(5,652),4;1,(423,652),4;2,(134,0),0;6,(537,231),(537,294),1;4,(134,0),(213,67),1,-1;4,(213,67),(413,67),-1,-1;4,(134,0),(134,59),0,-1;4,(134,59),(493,59),-1,-1;4,(537,231),(214,231),-1,-1;4,(537,294),(75,294),-1,-1;4,(5,652),(52,589),1,-1;4,(5,652),(5,593),0,-1;4,(5,593),(344,593),-1,-1;4,(52,589),(277,585),-1,-1;14,(380,352),(134,0),(5,652),-1;4,(423,652),(484,583),1,-1;4,(423,652),(423,593),0,-1;4,(423,593),(621,593),-1,-1;4,(484,583),(555,581),-1,-1
Hadescender	8,(593,-190),0;1,(8,652),4;1,(412,652),4;2,(6,0),0;2,(303,0),0;4,(6,0),(6,59),0,-1;4,(6,0),(76,64),1,-1;4,(8,652),(69,586),1,-1;4,(8,652),(8,593),0,-1;4,(8,593),(334,593),-1,-1;4,(69,586),(285,588),-1,-1;14,(372,436),(76,64),(69,586),-1;4,(285,588),(464,590),-1,-1;4,(334,593),(412,593),-1,-1;4,(412,593),(613,593),-1,-1;4,(464,590),(543,589),-1,-1;4,(76,64),(156,63),-1,-1;4,(156,63),(368,66),-1,-1;4,(368,66),(585,66),-1,-1;4,(6,59),(212,59),-1,-1;4,(212,59),(303,59),-1,-1;4,(303,59),(681,58),-1,-1;14,(268,240),(76,64),(69,586),-1
be	1,(315,462),0;2,(296,-16),0;14,(107,326),(296,-16),(315,462),-1;4,(315,462),(298,407),0,-1;4,(296,-16),(301,39),0,-1
ve	1,(23,487),0;2,(23,0),0;6,(250,234),(250,285),0;4,(23,0),(23,51),0,-1;4,(23,0),(69,61),1,-1;4,(23,487),(69,426),1,-1;4,(23,487),(23,436),0,-1;14,(404,263),(250,285),(250,234),-1;4,(23,487),(251,430),0,-1;4,(23,0),(251,57),0,-1
ghe	1,(23,487),0;2,(23,0),0;4,(23,0),(23,51),0,-1;4,(23,0),(69,61),1,-1;4,(23,487),(69,426),1,-1;4,(23,487),(23,436),0,-1;4,(69,426),(261,430),-1,-1;4,(69,61),(261,63),-1,-1;4,(23,51),(318,51),-1,-1
de	8,(9,-160),0;1,(106,487),0;2,(122,0),0;4,(106,487),(193,417),1,-1;4,(193,417),(532,420),-1,-1;4,(122,0),(60,57),0,-1;4,(60,57),(156,57),-1,-1;4,(156,57),(532,57),-1,-1;4,(9,-160),(539,-160),-1,-1;4,(106,487),(263,430),0,-1
zhe	8,(108,504),0;8,(752,504),0;1,(288,487),0;2,(288,0),0;2,(4,0),0;2,(856,0),0;2,(756,-12),0;2,(104,-12),0;4,(288,0),(288,51),0,-1;4,(288,0),(340,62),0,-1;4,(4,0),(4,50),0,-1;4,(108,504),(176,348),-2,-1;4,(288,487),(340,425),0,-1;4,(288,487),(288,436),0,-1;4,(288,436),(572,436),-1,-1;4,(340,425),(520,425),-1,-1;4,(752,504),(684,348),-2,-1;4,(856,0),(856,50),0,-1;4,(340,62),(520,62),-1,-1;4,(288,51),(572,51),-1,-1
ze	1,(232,503),0;2,(221,-16),0;6,(213,229),(218,288),0;4,(221,-16),(202,39),0,-1;4,(232,503),(221,448),0,-1;14,(334,263),(213,229),(218,288),-1
icyr	1,(23,487),0;1,(364,487),0;2,(23,0),0;2,(364,0),0;4,(23,0),(23,51),0,-1;4,(23,0),(69,61),1,-1;4,(23,487),(69,426),1,-1;4,(23,487),(23,436),0,-1;4,(23,436),(307,436),-1,-1;4,(69,426),(252,423),-1,-1;14,(252,192),(23,0),(23,487),-1;4,(364,487),(419,421),1,-1;4,(364,487),(364,436),0,-1;4,(364,436),(637,436),-1,-1;4,(419,421),(591,426),-1,-1;4,(364,0),(419,66),1,-1;4,(419,66),(591,61),-1,-1;4,(364,0),(364,51),0,-1;4,(364,51),(637,51),-1,-1;14,(419,309),(23,0),(23,487),-1;4,(69,61),(252,64),-1,-1;4,(23,51),(307,51),-1,-1
ka	1,(493,504),0;1,(23,487),0;2,(23,0),0;2,(597,0),0;2,(497,-12),0;6,(281,221),(291,278),1;4,(23,0),(23,51),1,-1;4,(23,0),(69,61),1,-1;4,(23,487),(69,426),1,-1;4,(23,487),(23,436),1,-1;4,(23,436),(307,436),-1,-1;4,(69,426),(261,426),-1,-1;4,(493,504),(425,348),-2,-1;14,(359,254),(281,221),(291,278),-1;4,(597,0),(597,50),0,-1;4,(69,61),(261,61),-1,-1;4,(23,51),(307,51),-1,-1
el	1,(129,487),0;2,(94,-11),0;2,(303,0),0;4,(94,-11),(144,128),-2,-1;4,(129,487),(196,421),1,-1;4,(129,487),(129,436),0,-1;4,(129,436),(587,436),-1,-1;4,(196,421),(541,426),-1,-1;4,(303,0),(349,61),1,-1;4,(349,61),(541,61),-1,-1;4,(303,0),(303,51),0,-1;4,(303,51),(587,51),-1,-1;4,(129,487),(254,430),0,-1
em	1,(28,487),0;1,(716,487),0;2,(23,0),0;2,(432,0),0;14,(284,35),(23,0),(28,487),-1;4,(28,487),(130,413),0,-1;4,(23,0),(81,62),1,-1;4,(81,62),(141,62),-1,-1;4,(23,0),(23,51),0,-1;4,(23,51),(191,51),-1,-1;4,(28,487),(81,425),1,-1;4,(28,487),(28,436),0,-1;14,(374,245),(23,0),(28,487),-1;4,(716,487),(716,436),0,-1;4,(716,487),(670,426),1,-1;4,(432,0),(487,63),1,-1;4,(487,63),(670,61),-1,-1;4,(432,0),(432,51),0,-1;4,(432,51),(716,51),-1,-1;4,(130,413),(498,413),-1,-1
en	1,(23,487),0;1,(343,487),0;2,(23,0),0;2,(343,0),0;6,(260,231),(260,288),0;4,(23,0),(23,51),0,-1;4,(23,0),(69,61),1,-1;4,(23,487),(69,426),1,-1;4,(23,487),(23,436),0,-1;4,(23,436),(307,436),-1,-1;4,(69,426),(261,426),-1,-1;4,(343,487),(389,426),1,-1;4,(343,487),(343,436),0,-1;4,(343,436),(627,436),-1,-1;4,(389,426),(581,426),-1,-1;4,(343,0),(389,61),1,-1;4,(389,61),(581,61),-1,-1;4,(343,0),(343,51),0,-1;4,(343,51),(627,51),-1,-1;4,(69,61),(261,61),-1,-1;4,(23,51),(307,51),-1,-1
pe	1,(23,487),0;2,(23,0),0;2,(331,0),0;4,(23,0),(23,51),0,-1;4,(23,0),(69,61),1,-1;4,(23,487),(69,426),1,-1;4,(23,487),(23,436),0,-1;4,(23,436),(615,436),-1,-1;4,(69,426),(569,426),-1,-1;4,(331,0),(377,61),1,-1;4,(377,61),(569,61),-1,-1;4,(331,0),(331,51),0,-1;4,(331,51),(615,51),-1,-1;4,(23,487),(261,430),0,-1;4,(69,61),(261,61),-1,-1;4,(23,51),(307,51),-1,-1
te	1,(24,487),0;2,(137,0),0;4,(24,487),(115,430),0,-1;4,(115,430),(381,430),-1,-1;4,(137,0),(189,62),1,-1;4,(189,62),(381,62),-1,-1;4,(137,0),(137,51),0,-1;4,(137,51),(433,51),-1,-1
ef	1,(495,711),5;1,(273,503),0;1,(567,503),0;2,(275,-222),1;2,(273,-16),0;2,(567,-16),0;4,(275,-222),(275,-170),0,-1;4,(275,-222),(330,-159),1,-1;14,(332,-7),(273,-16),(273,503),-1;14,(339,492),(273,503),(273,-16),-1;4,(495,711),(339,611),1,-1;4,(339,611),(275,666),0,-1;4,(339,492),(508,494),-1,-1;4,(332,-7),(505,-6),-1,-1;4,(330,-159),(507,-155),-1,-1;4,(275,-170),(562,-170),-1,-1;4,(273,-16),(307,39),0,-1;4,(307,39),(532,39),-1,-1;4,(273,503),(308,448),0,-1;4,(308,448),(533,448),-1,-1;4,(339,492),(332,445),0,-1;4,(332,445),(508,445),-1,-1;4,(332,-7),(332,42),0,-1;4,(332,42),(508,42),-1,-1
tse	8,(560,-160),0;1,(23,487),0;1,(329,487),0;2,(23,0),0;4,(23,487),(23,436),0,-1;4,(23,436),(303,436),-1,-1;4,(23,487),(69,426),1,-1;4,(69,426),(261,427),-1,-1;4,(23,0),(261,57),0,-1;4,(329,487),(371,427),1,-1;4,(329,487),(329,436),0,-1;4,(329,436),(609,436),-1,-1;4,(371,427),(563,426),-1,-1;4,(261,57),(563,57),-1,-1;4,(23,0),(23,51),0,-1;4,(23,0),(69,61),1,-1
che	1,(8,487),0;1,(298,487),0;2,(289,0),0;6,(230,175),(303,252),1;4,(8,487),(8,436),0,-1;4,(8,436),(269,436),-1,-1;4,(8,487),(45,427),1,-1;4,(45,427),(226,427),-1,-1;4,(298,487),(335,427),1,-1;4,(298,487),(298,436),0,-1;4,(298,436),(573,436),-1,-1;4,(335,427),(527,426),-1,-1;4,(289,0),(335,61),1,-1;4,(335,61),(527,61),-1,-1;4,(289,0),(289,51),0,-1;4,(289,51),(573,51),-1,-1
sha	1,(23,487),0;1,(311,487),0;1,(581,487),0;2,(23,0),0;4,(23,0),(23,51),0,-1;4,(23,0),(69,61),1,-1;4,(23,487),(69,426),1,-1;4,(23,487),(23,436),0,-1;4,(23,436),(287,436),-1,-1;4,(69,426),(253,428),-1,-1;4,(23,0),(253,57),0,-1;4,(311,487),(345,428),1,-1;4,(311,487),(311,436),0,-1;4,(311,436),(557,436),-1,-1;4,(345,428),(523,428),-1,-1;4,(253,57),(523,57),-1,-1;4,(581,487),(615,428),1,-1;4,(581,487),(581,436),0,-1;4,(581,436),(845,436),-1,-1;4,(615,428),(799,426),-1,-1;4,(69,61),(799,61),-1,-1;4,(23,51),(845,51),-1,-1
shcha	1,(23,487),0;1,(311,487),0;1,(581,487),0;2,(23,0),0;4,(23,0),(23,51),0,-1;4,(23,0),(69,61),1,-1;4,(23,487),(69,426),1,-1;4,(23,487),(23,436),0,-1;4,(23,436),(287,436),-1,-1;4,(69,426),(253,428),-1,-1;4,(23,0),(253,57),0,-1;4,(311,487),(345,428),1,-1;4,(311,487),(311,436),0,-1;4,(311,436),(557,436),-1,-1;4,(345,428),(523,428),-1,-1;4,(253,57),(523,57),-1,-1;4,(581,487),(615,428),1,-1;4,(581,487),(581,436),0,-1;4,(581,436),(845,436),-1,-1;4,(615,428),(799,426),-1,-1;4,(523,57),(799,57),-1,-1
hard	1,(24,487),0;1,(443,487),0;2,(127,0),0;6,(380,253),(380,300),0;4,(127,0),(127,51),0,-1;4,(127,0),(189,62),0,-1;4,(24,487),(115,430),0,-1;4,(443,487),(443,436),0,-1;4,(443,487),(381,425),0,-1;4,(127,0),(382,52),0,-1
yeru	1,(23,487),0;1,(528,487),0;2,(23,0),0;2,(528,0),0;6,(260,253),(260,300),0;4,(528,0),(528,51),0,-1;4,(528,0),(574,61),0,-1;4,(528,487),(574,426),0,-1;4,(528,487),(528,436),0,-1;4,(528,436),(812,436),-1,-1;4,(574,426),(766,426),-1,-1;4,(574,61),(766,61),-1,-1;4,(528,51),(812,51),-1,-1;4,(23,0),(23,51),0,-1;4,(23,0),(69,61),0,-1;4,(23,487),(69,426),0,-1;4,(23,487),(23,436),0,-1;4,(23,436),(307,436),-1,-1;4,(69,426),(261,426),-1,-1;4,(23,0),(262,52),0,-1
soft	1,(23,487),0;2,(23,0),0;6,(260,300),(260,253),0;4,(23,0),(23,51),0,-1;4,(23,0),(69,61),0,-1;4,(23,487),(69,426),0,-1;4,(23,487),(23,436),0,-1;4,(23,436),(307,436),-1,-1;4,(69,426),(261,426),-1,-1;4,(23,0),(262,52),0,-1
ecyr	1,(218,503),0;2,(209,-16),0;6,(292,219),(291,279),0;6,(125,215),(125,282),1;4,(218,503),(170,444),0,-1;4,(209,-16),(169,39),0,-1
yu	1,(567,503),0;1,(23,487),0;2,(568,-16),0;2,(23,0),0;6,(260,231),(260,288),0;4,(23,0),(69,61),1,-1;4,(69,61),(261,61),-1,-1;4,(23,0),(23,51),0,-1;4,(23,51),(307,51),-1,-1;4,(23,487),(69,426),1,-1;4,(23,487),(23,436),0,-1;4,(23,436),(307,436),-1,-1;4,(69,426),(261,426),-1,-1;4,(568,-16),(564,39),0,-1;4,(567,503),(564,448),0,-1
ya	1,(566,487),0;2,(286,0),0;2,(5,0),0;2,(110,-12),0;6,(339,202),(339,254),0;4,(566,487),(566,436),0,-1;4,(566,436),(338,434),-1,-1;4,(5,0),(5,51),0,-1;4,(566,487),(520,426),1,-1;4,(286,0),(338,62),1,-1;4,(338,62),(520,61),-1,-1;4,(286,0),(286,51),0,-1;4,(286,51),(566,51),-1,-1
ieukran	1,(311,503),0;2,(281,-16),0;6,(417,225),(417,292),1;4,(311,503),(334,444),0,-1;4,(281,-16),(336,92),1,-1
be.srb	2,(283,-16),0;14,(270,397),(283,-16),(484,733),-1;4,(270,397),(213,421),-1,-1;4,(283,-16),(288,40),0,-1
A.sc	1,(273,536),2;2,(11,0),0;2,(320,0),0;4,(11,0),(11,55),0,-1;4,(11,0),(87,64),1,-1;4,(320,0),(385,60),1,-1;4,(385,60),(565,56),-1,-1;4,(320,0),(320,51),0,-1;4,(320,51),(615,51),-1,-1;14,(200,204),(11,0),(273,536),-1;4,(200,204),(178,145),0,-1;4,(87,64),(148,64),-1,-1;4,(11,55),(208,55),-1,-1
B.sc	1,(39,536),2;2,(39,0),0;6,(280,255),(280,307),0;4,(39,536),(103,475),1,-1;4,(39,536),(39,481),0,-1;14,(412,290),(280,307),(280,255),-1;4,(39,0),(39,55),0,-1;4,(39,0),(103,61),1,-1;4,(39,481),(281,479),-1,-1;4,(39,55),(281,57),-1,-1
C.sc	1,(368,552),2;2,(359,-16),0;4,(359,-16),(387,39),0,-1;4,(368,552),(394,498),0,-1
D.sc	1,(39,536),2;2,(39,0),0;4,(39,536),(103,475),1,-1;4,(39,536),(39,481),0,-1;4,(39,0),(39,55),-2,-1;4,(39,0),(103,61),1,-1;4,(103,61),(284,57),-1,-1;4,(103,475),(284,479),-1,-1
E.sc	1,(513,536),2;1,(39,536),2;2,(39,0),0;2,(532,0),0;6,(283,249),(283,309),0;4,(513,536),(418,482),1,-1;4,(418,482),(103,475),-1,-1;4,(39,536),(39,481),0,-1;4,(532,0),(436,53),1,-1;4,(39,0),(39,55),0,-1;4,(436,53),(103,61),-1,-1
F.sc	1,(39,536),2;2,(39,0),0;6,(436,399),(443,362),0;6,(283,249),(283,309),0;4,(39,536),(103,475),1,-1;4,(39,536),(39,481),0,-1;4,(103,475),(284,482),-1,-1;4,(283,249),(382,186),-2,-1;4,(39,0),(103,61),1,-1;4,(103,61),(284,62),-1,-1;4,(39,0),(39,55),0,-1;4,(39,55),(366,55),-1,-1
G.sc	1,(373,552),2;2,(358,-16),0;6,(323,213),(323,268),0;4,(373,552),(394,498),1,-1;4,(358,-16),(392,38),1,-1;4,(323,268),(402,202),0,-1;4,(323,213),(618,213),-1,-1;4,(402,202),(572,207),-1,-1
H.sc	1,(39,536),2;1,(382,536),2;2,(39,0),0;2,(382,0),0;6,(282,249),(282,307),0;4,(39,536),(102,475),1,-1;4,(39,536),(39,481),0,-1;4,(39,481),(341,481),-1,-1;4,(102,475),(283,476),-1,-1;4,(283,476),(440,476),-1,-1;4,(341,481),(382,481),-1,-1;4,(382,481),(683,481),-1,-1;4,(440,476),(621,476),-1,-1;4,(39,0),(102,61),1,-1;4,(102,61),(283,60),-1,-1;4,(283,60),(440,60),-1,-1;4,(440,60),(621,60),-1,-1;4,(39,0),(39,55),0,-1;4,(39,55),(341,55),-1,-1;4,(341,55),(382,55),-1,-1;4,(382,55),(683,55),-1,-1
I.sc	1,(39,536),2;2,(39,0),0;4,(39,536),(103,475),1,-1;4,(39,536),(39,481),0,-1;4,(39,481),(350,481),-1,-1;4,(103,475),(284,475),-1,-1;4,(39,0),(103,61),1,-1;4,(103,61),(284,61),-1,-1;4,(39,0),(39,55),0,-1;4,(39,55),(350,55),-1,-1
J.sc	1,(35,536),2;6,(36,-145),(100,-91),1;4,(35,536),(35,481),0,-1;4,(35,481),(355,481),-1,-1;4,(35,536),(108,474),1,-1;4,(108,474),(290,476),-1,-1;4,(100,-91),(-7,-21),-2,-1
K.sc	1,(39,536),2;1,(411,536),2;2,(39,0),0;2,(380,0),0;4,(39,536),(103,475),1,-1;4,(39,536),(39,481),0,-1;4,(39,481),(341,481),-1,-1;4,(103,475),(276,475),-1,-1;14,(275,267),(39,0),(39,536),-1;4,(276,475),(463,472),-1,-1;4,(341,481),(411,481),-1,-1;4,(411,481),(624,481),-1,-1;4,(463,472),(540,472),-1,-1;14,(429,356),(380,0),(411,536),-1;4,(39,0),(103,61),1,-1;4,(103,61),(276,60),-1,-1;4,(276,60),(409,58),-1,-1;4,(409,58),(602,60),-1,-1;4,(39,0),(39,55),0,-1;4,(39,55),(327,55),-1,-1;4,(327,55),(380,55),-1,-1;4,(380,55),(654,55),-1,-1;14,(314,237),(380,0),(411,536),-1;14,(275,196),(39,0),(39,536),-1
L.sc	1,(39,536),2;2,(39,0),0;4,(39,536),(103,475),1,-1;4,(39,536),(39,481),0,-1;4,(39,481),(358,481),-1,-1;4,(103,475),(284,475),-1,-1;4,(39,0),(103,61),1,-1;4,(103,61),(284,55),-1,-1;4,(39,0),(39,55),0,-1
M.sc	1,(27,536),2;1,(544,536),2;2,(17,0),0;2,(494,0),0;4,(17,0),(17,55),0,-1;4,(17,0),(107,65),1,-1;4,(27,536),(106,474),1,-1;4,(27,536),(27,481),0,-1;14,(425,210),(17,0),(27,536),-1;4,(544,536),(797,481),0,-1;4,(106,474),(739,476),-1,-1;4,(494,0),(558,62),1,-1;4,(558,62),(739,61),-1,-1;4,(494,0),(494,55),0,-1;4,(494,55),(803,55),-1,-1;14,(175,384),(17,0),(27,536),-1;4,(175,384),(561,383),-1,-1;4,(107,65),(177,65),-1,-1;4,(17,55),(249,55),-1,-1
N.sc	1,(400,536),2;1,(35,536),2;2,(484,0),0;2,(38,0),0;4,(38,0),(38,55),0,-1;4,(38,0),(116,64),1,-1;4,(35,536),(102,478),1,-1;4,(35,536),(35,480),0,-1;14,(507,240),(400,536),(484,0),-1;4,(102,478),(509,471),-1,-1;4,(35,480),(400,481),-1,-1;4,(400,481),(657,481),-1,-1;4,(509,471),(579,471),-1,-1;14,(188,370),(38,0),(35,536),-1;4,(116,64),(186,65),-1,-1;4,(38,55),(294,55),-1,-1
O.sc	1,(335,552),2;2,(335,-16),0;4,(335,-16),(335,40),0,-1;4,(335,552),(335,497),0,-1
P.sc	1,(39,536),2;2,(39,0),0;6,(283,200),(283,255),0;4,(39,536),(103,475),1,-1;4,(39,536),(39,481),0,-1;4,(39,0),(103,61),1,-1;4,(103,61),(284,62),-1,-1;4,(39,0),(39,55),0,-1;4,(39,55),(366,55),-1,-1;4,(39,481),(284,479),-1,-1
Q.sc	1,(335,552),2;2,(245,-5),0;2,(411,-8),0;6,(460,-166),(498,-89),0;4,(411,-8),(335,40),0,-1;4,(335,552),(335,497),0,-1
R.sc	1,(39,536),2;2,(349,0),0;2,(539,-13),0;2,(652,0),0;6,(280,243),(280,298),0;4,(39,536),(103,475),1,-1;4,(39,536),(39,481),0,-1;14,(419,275),(280,298),(280,243),-1;4,(539,-13),(652,55),1,-1;4,(652,55),(584,62),-1,-1;4,(349,0),(281,61),1,-1;4,(349,0),(349,55),0,-1;4,(349,55),(39,55),-1,-1;4,(281,61),(103,61),-1,-1;4,(103,475),(281,479),-1,-1
S.sc	1,(289,552),2;2,(249,-16),0;4,(249,-16),(256,41),1,-1;14,(335,109),(249,-16),(289,552),-1;4,(289,552),(288,495),1,-1;14,(210,430),(289,552),(249,-16),-1
T.sc	1,(29,536),2;2,(142,0),0;4,(29,536),(215,482),1,-1;4,(215,482),(396,482),-1,-1;4,(142,0),(215,61),1,-1;4,(215,61),(396,61),-1,-1;4,(142,0),(142,55),0,-1;4,(142,55),(470,55),-1,-1
U.sc	1,(35,536),2;1,(444,536),2;2,(336,-16),0;4,(336,-16),(400,67),1,-1;4,(35,536),(99,476),1,-1;4,(99,476),(280,475),-1,-1;4,(280,475),(521,479),-1,-1;4,(35,536),(35,481),0,-1;4,(35,481),(350,481),-1,-1;4,(350,481),(444,481),-1,-1;4,(444,481),(663,481),-1,-1;4,(521,479),(591,479),-1,-1
V.sc	1,(8,536),2;1,(412,536),2;2,(244,0),0;4,(8,536),(56,477),1,-1;4,(8,536),(8,481),0,-1;4,(8,481),(321,485),-1,-1;4,(56,477),(247,476),-1,-1;14,(356,174),(412,536),(244,0),-1;4,(247,476),(477,475),-1,-1;4,(321,485),(412,485),-1,-1;4,(412,485),(607,480),-1,-1;4,(477,475),(542,471),-1,-1
W.sc	1,(374,536),2;1,(726,536),2;1,(8,536),2;2,(221,0),0;2,(568,0),0;4,(8,536),(59,476),1,-1;4,(8,536),(8,481),0,-1;4,(8,481),(306,481),-1,-1;4,(59,476),(246,475),-1,-1;14,(331,173),(221,0),(374,536),-1;4,(246,475),(428,475),-1,-1;4,(306,481),(374,481),-1,-1;4,(374,481),(659,481),-1,-1;4,(428,475),(584,473),-1,-1;14,(678,166),(568,0),(726,536),-1;4,(584,473),(780,473),-1,-1;4,(659,481),(726,481),-1,-1;4,(726,481),(915,481),-1,-1;4,(780,473),(843,470),-1,-1
X.sc	1,(7,536),2;1,(378,536),2;2,(0,0),0;2,(282,0),0;4,(0,0),(0,55),0,-1;4,(0,0),(66,57),1,-1;4,(7,536),(63,475),1,-1;4,(7,536),(7,481),0,-1;4,(7,481),(299,481),-1,-1;4,(63,475),(259,477),-1,-1;14,(340,357),(66,57),(63,475),-1;4,(259,477),(422,480),-1,-1;4,(299,481),(378,481),-1,-1;4,(378,481),(564,481),-1,-1;4,(422,480),(503,479),-1,-1;4,(66,57),(147,57),-1,-1;4,(147,57),(341,60),-1,-1;4,(341,60),(539,60),-1,-1;4,(0,55),(194,55),-1,-1;4,(194,55),(282,55),-1,-1;4,(282,55),(600,55),-1,-1;14,(249,197),(66,57),(63,475),-1
Y.sc	1,(8,536),2;1,(388,536),2;2,(127,0),0;4,(127,0),(127,55),0,-1;4,(127,0),(200,61),1,-1;4,(8,536),(56,477),1,-1;4,(8,536),(8,481),0,-1;4,(8,481),(318,481),-1,-1;4,(56,477),(258,475),-1,-1;14,(348,294),(200,61),(56,477),-1;4,(258,475),(441,473),-1,-1;4,(318,481),(388,481),-1,-1;4,(388,481),(571,481),-1,-1;4,(441,473),(509,471),-1,-1;4,(200,61),(382,61),-1,-1;4,(127,55),(456,55),-1,-1
Z.sc	1,(507,536),2;2,(27,0),0;4,(27,0),(234,55),1,-1;4,(234,55),(27,41),-1,-1;4,(507,536),(300,481),1,-1;4,(300,481),(507,495),-1,-1
AE.sc	1,(183,536),2;2,(298,0),0;2,(208,0),0;4,(298,0),(298,55),0,-1;4,(298,55),(208,55),-1,-1;4,(208,55),(14,55),-1,-1;4,(298,0),(543,53),1,-1;4,(543,53),(362,61),-1,-1;4,(362,61),(142,65),-1,-1;4,(142,65),(62,61),-1,-1;4,(183,536),(543,482),1,-1;4,(543,482),(363,469),-1,-1;4,(363,469),(280,473),-1,-1;4,(183,536),(183,481),0,-1;14,(542,249),(208,0),(183,536),-1;4,(542,249),(542,309),0,-1;14,(363,196),(208,0),(183,536),-1;4,(363,196),(363,255),0,-1
Germandbls.sc	1,(408,552),2;2,(39,0),0;2,(488,-16),0;6,(602,511),(602,473),0;4,(39,0),(39,50),0,-1;4,(39,0),(103,56),1,-1;14,(544,395),(408,552),(488,-16),-1;4,(488,-16),(474,43),0,-1;14,(524,107),(488,-16),(408,552),-1;14,(518,488),(602,511),(602,473),-1;4,(408,552),(426,494),1,-1
Hbar.sc	1,(35,536),2;1,(374,536),2;2,(35,0),0;2,(374,0),0;6,(433,349),(433,408),1;6,(433,219),(433,277),1;4,(433,349),(99,349),-1,-1;4,(433,408),(26,408),-1,-1;4,(35,536),(98,475),1,-1;4,(35,536),(35,481),0,-1;4,(35,481),(337,481),-1,-1;4,(98,475),(279,476),-1,-1;4,(374,536),(432,476),1,-1;4,(374,536),(374,481),0,-1;4,(374,481),(676,481),-1,-1;4,(432,476),(613,476),-1,-1;4,(433,408),(612,408),-1,-1;4,(433,349),(685,349),-1,-1;4,(374,0),(432,60),1,-1;4,(432,60),(613,60),-1,-1;4,(374,0),(374,55),0,-1;4,(374,55),(676,55),-1,-1;4,(35,0),(98,61),1,-1;4,(98,61),(279,60),-1,-1;4,(35,0),(35,55),0,-1;4,(35,55),(337,55),-1,-1
Lslash.sc	1,(39,536),2;2,(39,0),0;14,(283,255),(39,0),(39,536),-1;4,(39,0),(103,61),1,-1;4,(103,61),(284,55),-1,-1;4,(39,0),(39,55),0,-1;4,(283,255),(104,177),-1,-1;4,(283,255),(283,340),1,-1;4,(283,340),(104,262),-1,-1;4,(39,536),(103,475),1,-1;4,(39,536),(39,481),0,-1;4,(39,481),(358,481),-1,-1;4,(103,475),(284,475),-1,-1
Oslash.sc	1,(553,568),2;1,(335,552),2;2,(117,-32),0;2,(335,-16),0;4,(335,-16),(335,40),0,-1;4,(335,552),(335,497),0,-1;14,(227,207),(335,40),(335,497),-1;14,(443,329),(335,497),(335,40),-1
OE.sc	1,(376,552),2;1,(505,536),2;2,(376,-16),0;2,(505,0),0;6,(593,249),(593,309),0;4,(376,-16),(386,39),1,-1;4,(505,0),(594,53),1,-1;4,(594,53),(412,40),-1,-1;4,(505,536),(594,482),1,-1;4,(594,482),(412,496),-1,-1;4,(376,552),(386,497),1,-1
Uogonek.sc	1,(350,536),2;1,(444,536),2;2,(336,-16),0;6,(420,-186),(484,-104),1;4,(350,536),(350,481),0,-1;4,(350,481),(35,481),-1,-1;4,(350,536),(280,475),1,-1;4,(336,-16),(400,67),1,-1;4,(444,536),(521,479),1,-1;4,(444,536),(444,481),0,-1;4,(444,481),(663,481),-1,-1;4,(521,479),(591,479),-1,-1;4,(280,475),(99,476),-1,-1
Uhorn.sc	1,(35,536),2;1,(444,536),2;2,(336,-16),0;4,(336,-16),(400,67),1,-1;4,(444,536),(521,479),1,-1;4,(444,536),(444,481),0,-1;4,(35,536),(99,476),1,-1;4,(35,536),(35,481),0,-1;4,(99,476),(280,475),-1,-1
Eth.sc	1,(39,536),2;2,(39,0),0;14,(283,303),(39,0),(39,536),-1;4,(283,303),(283,247),0,-1;4,(39,0),(103,61),1,-1;4,(103,61),(284,57),-1,-1;4,(39,536),(103,475),1,-1;4,(103,475),(284,479),-1,-1;4,(39,0),(39,55),0,-1;4,(283,247),(104,247),-1,-1;4,(283,303),(104,303),-1,-1;4,(39,536),(39,481),0,-1
Thorn.sc	1,(39,536),2;2,(39,0),0;4,(39,536),(103,475),1,-1;4,(39,536),(39,481),0,-1;4,(39,481),(353,481),-1,-1;4,(103,475),(280,475),-1,-1;14,(280,439),(39,536),(39,0),-1;14,(280,111),(39,0),(39,536),-1;4,(39,0),(103,61),1,-1;4,(103,61),(280,62),-1,-1;4,(39,0),(39,55),0,-1;4,(39,55),(353,55),-1,-1;4,(280,111),(279,169),0,-1;4,(280,439),(279,382),0,-1
Schwa.sc	1,(295,552),2;2,(318,-16),0;6,(413,243),(412,300),0;4,(295,552),(277,490),1,-1;4,(318,-16),(322,39),1,-1
Gamma.sc	1,(39,536),2;2,(39,0),0;4,(39,0),(39,55),0,-1;4,(39,0),(103,61),1,-1;4,(39,536),(103,475),1,-1;4,(39,536),(39,481),0,-1;4,(103,475),(284,482),-1,-1;4,(103,61),(284,62),-1,-1;4,(39,55),(366,55),-1,-1
Delta.sc	1,(262,536),2;2,(54,0),0;14,(256,400),(54,0),(262,536),-1;4,(54,0),(123,98),-2,-1
Theta.sc	1,(335,552),2;2,(335,-16),0;6,(367,216),(367,324),0;4,(335,-16),(335,40),0,-1;4,(335,552),(335,497),0,-1
Lambda.sc	1,(259,536),2;2,(606,0),0;2,(202,0),0;4,(606,0),(559,59),0,-1;4,(606,0),(606,55),1,-1;4,(606,55),(290,49),-1,-1;4,(559,59),(368,59),-1,0;14,(254,357),(8,0),(259,536),-1;4,(368,59),(134,61),-1,0;4,(290,49),(202,49),-1,-1;4,(202,49),(8,55),-1,-1;4,(134,61),(68,64),-1,0
Xi.sc	1,(46,536),2;2,(497,0),0;6,(350,219),(350,322),0;4,(46,536),(495,372),-2,-1;4,(46,536),(412,423),-2,-1;4,(495,372),(116,372),-1,-1;4,(116,372),(39,372),-1,-1;4,(497,0),(29,164),-2,-1;4,(497,0),(111,113),-2,-1;4,(29,164),(428,164),-1,-1
Pi.sc	1,(39,536),2;2,(39,0),0;2,(378,0),0;4,(39,536),(102,476),1,-1;4,(102,476),(283,480),-1,-1;4,(39,0),(102,61),1,-1;4,(102,61),(283,60),-2,-1;4,(39,0),(39,55),0,-1;4,(39,55),(341,55),-1,-1;4,(39,536),(39,481),0,-1;4,(39,481),(679,481),-1,-1;4,(283,480),(617,476),-1,-1;4,(378,0),(436,60),1,-1;4,(436,60),(617,60),-1,-1;4,(378,0),(378,55),0,-1;4,(378,55),(679,55),-1,-1
Sigma.sc	1,(48,536),2;2,(504,0),0;4,(48,536),(211,481),1,-1;14,(203,258),(39,0),(48,536),-1;4,(203,258),(340,283),-1,-1;4,(504,0),(188,114),-2,-1;4,(48,536),(48,490),0,-1
Phi.sc	1,(257,544),2;2,(257,0),0;4,(257,544),(322,483),1,-1;4,(322,483),(322,452),-2,-1;4,(257,544),(257,490),0,-1;4,(257,490),(544,490),-1,-1;4,(322,483),(480,483),-1,-1;4,(322,452),(480,452),-1,-1;4,(257,0),(322,60),1,-1;4,(322,60),(322,97),-2,-1;4,(322,97),(480,97),-1,-1;4,(322,60),(480,61),-1,-1;4,(257,0),(257,54),0,-1;4,(257,54),(544,54),-1,-1;4,(322,97),(323,156),0,-1;4,(322,452),(323,395),0,-1;4,(323,156),(479,156),-1,-1;4,(323,395),(479,394),-1,-1
Psi.sc	1,(-6,536),2;1,(260,536),2;1,(784,536),2;2,(242,0),0;6,(308,192),(308,245),0;4,(-6,536),(-6,481),0,-1;4,(260,536),(307,476),1,-1;4,(260,536),(260,481),0,-1;4,(260,481),(517,481),-1,-1;4,(307,476),(470,476),-1,-1;4,(308,245),(469,245),-1,-1;4,(784,536),(784,481),0,-1;4,(308,192),(469,192),-1,-1;4,(242,0),(307,61),1,-1;4,(307,61),(470,61),-1,-1;4,(242,0),(242,55),0,-1;4,(242,55),(535,55),-1,-1
Omega.sc	1,(357,552),2;2,(674,0),0;2,(324,0),0;4,(324,0),(324,92),-2,-1;4,(324,92),(216,105),-1,-1;4,(324,92),(389,92),-1,-1;4,(389,92),(497,105),-1,-1;4,(357,552),(357,498),0,-1
zero.sc	1,(272,549),2;2,(272,-13),0;4,(272,-13),(272,37),0,-1;4,(272,549),(272,500),0,-1
one.sc	1,(372,546),2;2,(101,0),0;4,(372,546),(207,448),1,-1;4,(207,448),(129,500),-1,-1;4,(101,0),(206,73),0,-1;4,(206,73),(382,74),-1,-1;4,(101,0),(101,47),0,-1;4,(101,47),(480,47),-1,-1;4,(129,500),(129,440),0,-1
two.sc	1,(293,549),2;2,(73,0),0;4,(73,0),(197,114),-2,-1;4,(197,114),(73,80),-1,-1;4,(293,549),(232,499),0,-1
three.sc	1,(274,549),2;2,(267,-13),0;6,(192,301),(192,247),1;4,(274,549),(233,499),0,-1;14,(365,280),(192,247),(192,301),-1;4,(267,-13),(210,37),0,-1
four.sc	1,(292,536),2;2,(262,0),0;6,(262,101),(262,209),1;4,(262,101),(411,101),-1,-1;4,(262,209),(117,209),-1,-1;4,(117,209),(23,190),-1,-1;4,(262,209),(411,209),-1,-1;14,(262,400),(292,536),(262,0),-1
five.sc	1,(136,536),2;2,(256,-13),0;6,(221,262),(275,331),1;4,(256,-13),(210,37),0,-1;4,(136,536),(198,422),-2,-1
six.sc	1,(450,549),2;2,(278,-13),0;6,(264,273),(330,333),1;4,(450,549),(456,494),1,-1;14,(206,244),(278,-13),(450,549),-1;4,(206,244),(213,297),0,-1;4,(278,-13),(278,37),0,-1
seven.sc	1,(505,536),2;2,(287,0),0;4,(505,536),(389,422),-2,-1;4,(389,422),(505,465),-1,-1
eight.sc	1,(283,549),2;2,(259,-13),0;14,(173,242),(283,549),(259,-13),-1;14,(366,307),(259,-13),(283,549),-1;4,(366,307),(306,333),-1,-1;4,(283,549),(279,499),0,-1;4,(259,-13),(274,37),0,-1;4,(173,242),(237,215),-1,-1
nine.sc	1,(265,549),2;2,(110,-15),0;6,(223,205),(284,265),1;4,(110,-15),(99,39),0,-1;14,(322,228),(110,-15),(265,549),-1;4,(322,228),(330,275),1,-1;4,(265,549),(269,499),0,-1
Be.sc	1,(36,536),2;2,(36,0),0;6,(277,272),(277,326),0;4,(36,0),(36,55),0,-1;4,(36,0),(101,61),1,-1;4,(36,536),(101,475),1,-1;4,(36,536),(36,481),0,-1;4,(36,481),(278,482),-1,-1;4,(36,55),(278,57),-1,-1
De.sc	8,(93,-153),0;1,(140,536),2;2,(113,0),0;4,(113,0),(56,58),1,-1;4,(140,536),(214,471),1,-1;4,(140,536),(140,481),0,-1;4,(140,481),(627,481),-1,-1;4,(214,471),(565,476),-1,-1;4,(56,58),(154,58),-1,-1;4,(154,58),(565,58),-1,-1;4,(93,-153),(567,-153),-1,-1;4,(140,481),(285,478),-1,-1
Zhe.sc	1,(142,552),2;1,(782,552),2;1,(317,536),2;2,(317,0),0;2,(9,0),0;2,(106,-13),0;2,(915,0),0;2,(817,-13),0;6,(379,244),(379,299),1;4,(317,0),(317,55),0,-1;4,(317,0),(378,61),1,-1;4,(9,0),(9,55),0,-1;14,(280,274),(379,244),(379,299),-1;4,(142,552),(180,414),-2,-1;4,(317,536),(378,475),1,-1;4,(317,536),(317,481),0,-1;4,(317,481),(607,481),-1,-1;4,(378,475),(545,475),-1,-1;4,(379,299),(544,299),-1,-1;4,(782,552),(743,413),-2,-1;4,(280,274),(644,274),-1,-1;4,(915,0),(915,55),0,-1;4,(379,244),(544,244),-1,-1;4,(378,61),(545,61),-1,-1;4,(317,55),(607,55),-1,-1
Ze.sc	1,(267,552),2;2,(251,-16),0;6,(211,248),(192,305),1;4,(251,-16),(200,38),1,-1;4,(267,552),(201,498),1,-1;14,(339,289),(192,305),(211,248),-1
Icyr.sc	1,(39,536),2;1,(396,536),2;2,(39,0),0;2,(396,0),0;4,(39,0),(39,55),0,-1;4,(39,0),(102,61),1,-1;4,(39,536),(102,475),1,-1;4,(39,536),(39,481),0,-1;4,(39,481),(341,481),-1,-1;4,(102,475),(277,476),-1,-1;4,(396,536),(466,475),1,-1;4,(396,536),(396,481),0,-1;4,(396,481),(698,481),-1,-1;4,(466,475),(635,476),-1,-1;4,(396,0),(460,61),1,-1;4,(460,61),(635,60),-1,-1;4,(396,0),(396,55),0,-1;4,(396,55),(698,55),-1,-1;4,(102,61),(271,61),-1,-1;4,(39,55),(341,55),-1,-1
Ka.sc	1,(39,536),2;1,(532,552),2;2,(39,0),0;2,(665,0),0;2,(567,-13),0;6,(283,244),(283,299),0;4,(39,0),(39,55),0,-1;4,(39,0),(103,61),1,-1;4,(39,536),(103,475),1,-1;4,(39,536),(39,481),0,-1;4,(39,481),(340,481),-1,-1;4,(103,475),(284,476),-1,-1;4,(532,552),(494,415),-2,-1;14,(394,274),(283,299),(283,244),-1;4,(665,0),(665,55),0,-1;4,(103,61),(284,60),-1,-1;4,(39,55),(340,55),-1,-1
El.sc	1,(146,536),2;2,(100,-13),0;2,(325,0),0;4,(100,-13),(147,110),-2,-1;4,(146,536),(230,472),1,-1;4,(146,536),(146,481),0,-1;4,(146,481),(633,481),-1,-1;4,(230,472),(571,476),-1,-1;4,(325,0),(389,60),1,-1;4,(389,60),(571,60),-1,-1;4,(325,0),(325,55),0,-1;4,(325,55),(633,55),-1,-1;4,(146,481),(296,478),-1,-1
Pe.sc	1,(39,536),2;2,(39,0),0;2,(373,0),0;4,(39,0),(39,55),0,-1;4,(39,0),(102,61),1,-1;4,(39,536),(102,476),1,-1;4,(39,536),(39,481),0,-1;4,(39,481),(674,481),-1,-1;4,(102,476),(283,478),-1,-1;4,(283,478),(612,476),-1,-1;4,(373,0),(430,60),1,-1;4,(430,60),(612,60),-1,-1;4,(373,0),(373,55),0,-1;4,(373,55),(674,55),-1,-1;4,(102,61),(283,60),-1,-1;4,(39,55),(341,55),-1,-1
Ucyr.sc	1,(8,536),2;1,(386,536),2;2,(174,-16),0;4,(8,536),(8,481),0,-1;4,(8,481),(320,481),-1,-1;4,(8,536),(62,476),1,-1;4,(62,476),(255,475),-1,-1;14,(356,273),(174,-16),(8,536),-1;4,(386,536),(439,474),1,-1;4,(386,536),(386,481),0,-1;4,(386,481),(571,481),-1,-1;4,(439,474),(519,474),-1,-1;4,(174,-16),(251,76),-2,-1
Ef.sc	1,(215,544),2;2,(215,-8),0;4,(215,544),(283,483),1,-1;4,(283,483),(283,449),-2,-1;4,(215,544),(215,490),0,-1;4,(215,490),(516,490),-1,-1;4,(283,483),(446,483),-1,-1;4,(283,449),(446,449),-1,-1;4,(215,-8),(283,53),1,-1;4,(283,53),(283,82),-2,-1;4,(283,82),(446,82),-1,-1;4,(283,53),(446,53),-1,-1;4,(215,-8),(215,46),0,-1;4,(215,46),(516,46),-1,-1;4,(283,82),(284,134),0,-1;4,(283,449),(284,397),0,-1;4,(284,134),(445,134),-1,-1;4,(284,397),(445,397),-1,-1
Tse.sc	1,(39,536),2;1,(373,536),2;2,(39,0),0;4,(39,0),(102,60),0,-1;4,(39,536),(39,481),1,-1;4,(39,481),(336,481),-1,-1;4,(102,60),(283,58),-1,-1;4,(283,58),(427,58),-1,-1;4,(336,481),(373,481),-1,-1;4,(373,481),(670,481),-1,-1;4,(427,58),(608,58),-1,-1;4,(608,58),(697,58),-1,-1
Che.sc	1,(15,536),2;1,(342,536),2;2,(321,0),0;6,(276,204),(340,265),0;4,(15,536),(15,481),0,-1;4,(15,481),(312,481),-1,-1;4,(15,536),(68,476),1,-1;4,(68,476),(245,476),-1,-1;4,(245,476),(397,476),-1,-1;4,(312,481),(342,481),-1,-1;4,(342,481),(643,481),-1,-1;4,(397,476),(578,476),-1,-1;4,(321,0),(397,61),1,-1;4,(397,61),(578,60),-1,-1;4,(321,0),(321,55),0,-1;4,(321,55),(643,55),-1,-1
Sha.sc	1,(39,536),2;1,(363,536),2;1,(674,536),2;2,(39,0),0;4,(39,0),(39,55),0,-1;4,(39,0),(102,60),1,-1;4,(39,536),(102,475),1,-1;4,(39,536),(39,481),0,-1;4,(39,481),(336,481),-1,-1;4,(102,475),(283,476),-1,-1;4,(102,60),(283,58),-1,-1;4,(283,58),(416,58),-1,-1;4,(283,476),(416,476),-1,-1;4,(336,481),(363,481),-1,-1;4,(363,481),(647,481),-1,-1;4,(416,476),(594,476),-1,-1;4,(416,58),(594,58),-1,-1;4,(594,58),(727,58),-1,-1;4,(594,476),(727,476),-1,-1;4,(647,481),(674,481),-1,-1;4,(674,481),(970,481),-1,-1;4,(727,476),(908,475),-1,-1;4,(727,58),(908,60),-1,0;4,(39,55),(970,55),-1,-1
Shcha.sc	8,(903,-153),0;1,(39,536),2;1,(363,536),2;1,(674,536),2;2,(39,0),0;4,(39,0),(39,55),0,-1;4,(39,0),(102,60),1,-1;4,(39,536),(102,475),1,-1;4,(39,536),(39,481),0,-1;4,(39,481),(336,481),-1,-1;4,(102,475),(283,476),-1,-1;4,(102,60),(283,58),-1,-1;4,(283,58),(416,58),-1,-1;4,(283,476),(416,476),-1,-1;4,(336,481),(363,481),-1,-1;4,(363,481),(647,481),-1,-1;4,(416,476),(594,476),-1,-1;4,(416,58),(594,58),-1,-1;4,(594,58),(727,58),-1,-1;4,(594,476),(727,476),-1,-1;4,(647,481),(674,481),-1,-1;4,(674,481),(970,481),-1,-1;4,(727,476),(908,475),-1,-1;4,(727,58),(908,58),-1,-1;4,(908,58),(997,58),-1,-1
Hard.sc	1,(470,536),2;2,(162,0),0;6,(404,277),(404,332),0;4,(162,0),(162,55),0,-1;4,(162,0),(224,60),1,-1;4,(470,536),(405,476),1,-1;4,(405,476),(224,482),-1,-1;4,(470,536),(470,481),0,-1;4,(162,55),(405,57),-1,-1
Yeru.sc	1,(39,536),2;1,(580,536),2;2,(580,0),0;2,(39,0),0;6,(281,277),(281,332),1;4,(39,0),(39,55),0,-1;4,(39,0),(101,60),1,-1;4,(39,536),(101,475),1,-1;4,(39,536),(39,481),0,-1;4,(39,481),(335,481),-1,-1;4,(101,475),(282,476),-1,-1;4,(580,0),(580,55),0,-1;4,(580,0),(644,61),1,-1;4,(580,536),(644,475),0,-1;4,(580,536),(580,481),0,-1;4,(580,481),(890,481),-1,-1;4,(644,475),(825,476),-1,-1;4,(644,61),(825,60),-1,-1;4,(580,55),(890,55),-1,-1;4,(39,55),(282,57),-1,-1
Soft.sc	1,(41,536),2;2,(41,0),0;6,(283,277),(283,331),0;4,(41,0),(41,55),0,-1;4,(41,0),(103,60),1,-1;4,(41,536),(103,475),1,-1;4,(41,536),(41,481),0,-1;4,(41,481),(349,481),-1,-1;4,(103,475),(284,475),-1,-1;4,(41,55),(284,57),-1,-1
Ecyr.sc	1,(225,552),2;2,(220,-16),0;6,(358,243),(357,303),0;4,(220,-16),(203,38),1,-1;4,(225,552),(209,497),1,-1
Yu.sc	1,(39,536),2;1,(651,552),2;2,(39,0),0;2,(651,-16),0;6,(374,248),(376,306),0;4,(39,0),(102,61),1,-1;4,(102,61),(274,61),-1,-1;4,(39,0),(39,55),0,-1;4,(39,55),(336,55),-1,-1;4,(39,536),(102,475),1,-1;4,(39,536),(39,481),0,-1;4,(39,481),(336,481),-1,-1;4,(102,475),(274,475),-1,-1;4,(651,-16),(651,40),1,-1;4,(651,552),(651,497),1,-1
Ya.sc	1,(612,536),2;2,(0,0),0;2,(309,0),0;2,(114,-8),0;6,(371,235),(371,289),0;4,(612,536),(612,481),0,-1;4,(612,481),(370,480),-1,-1;4,(0,0),(0,56),0,-1;14,(217,256),(371,289),(371,235),-1;4,(612,536),(548,475),1,-1;4,(309,0),(370,60),1,-1;4,(370,60),(548,61),-1,-1;4,(309,0),(309,55),0,-1;4,(309,55),(612,55),-1,-1
Dje.sc	1,(29,536),2;2,(124,0),0;6,(416,-56),(403,-7),0;6,(373,269),(373,323),0;4,(29,536),(128,482),1,-1;4,(128,482),(374,482),-1,-1;4,(124,0),(124,55),0,-1;4,(124,0),(197,61),1,-1
Ieukran.sc	1,(346,552),2;2,(348,-16),0;6,(333,243),(333,303),0;4,(346,552),(357,498),1,-1;4,(348,-16),(363,39),1,-1
Lje.sc	1,(146,536),2;2,(101,-13),0;2,(328,0),0;6,(570,277),(570,332),0;4,(101,-13),(147,110),-2,-1;4,(146,536),(230,472),1,-1;4,(146,536),(146,481),0,-1;4,(146,481),(631,481),-1,-1;4,(230,472),(571,476),-1,-1;4,(328,0),(328,55),0,-1;4,(328,0),(390,60),1,-1;4,(146,481),(296,478),-1,-1;4,(328,55),(571,57),-1,-1
Nje.sc	1,(39,536),2;1,(373,536),2;2,(39,0),0;2,(373,0),0;6,(428,265),(428,323),0;4,(39,0),(102,61),1,-1;4,(102,61),(283,60),-1,-1;4,(39,0),(39,55),0,-1;4,(39,55),(336,55),-1,-1;4,(39,536),(102,475),1,-1;4,(39,536),(39,481),0,-1;4,(39,481),(336,481),-1,-1;4,(102,475),(283,476),-1,-1;4,(373,536),(427,476),1,-1;4,(373,536),(373,481),0,-1;4,(373,481),(676,481),-1,-1;4,(427,476),(608,475),-1,-1;4,(428,323),(607,326),-1,-1;4,(373,0),(373,55),0,-1;4,(373,0),(427,60),1,-1;4,(373,55),(608,57),-1,-1;4,(428,265),(607,272),-1,-1
Tshe.sc	1,(29,536),2;2,(142,0),0;2,(737,0),0;6,(395,276),(395,330),0;4,(29,536),(128,482),1,-1;4,(128,482),(396,482),-1,-1;4,(737,0),(697,59),1,-1;4,(737,0),(737,55),0,-1;4,(142,0),(215,61),1,-1;4,(215,61),(396,61),-1,-1;4,(142,0),(142,55),0,-1;4,(142,55),(463,55),-1,-1
Dzhe.sc	8,(311,-170),0;1,(39,536),2;1,(373,536),2;2,(39,0),0;4,(39,0),(39,55),0,-1;4,(39,0),(102,60),1,-1;4,(39,536),(102,475),1,-1;4,(39,536),(39,481),0,-1;4,(39,481),(336,481),-1,-1;4,(102,475),(283,476),-1,-1;4,(102,60),(283,58),-1,-1;4,(373,536),(427,476),1,-1;4,(373,536),(373,481),0,-1;4,(373,481),(670,481),-1,-1;4,(427,476),(608,476),-1,-1;4,(283,58),(608,60),-1,-1;4,(39,55),(670,55),-1,-1
Fita.sc	1,(335,552),2;2,(335,-16),0;6,(454,249),(453,307),0;4,(335,552),(335,497),1,-1;4,(335,-16),(335,40),1,-1
Gheup.sc	8,(437,638),0;1,(39,536),2;2,(39,0),0;4,(39,0),(39,55),0,-1;4,(39,0),(103,61),1,-1;4,(39,536),(103,475),1,-1;4,(39,536),(39,481),0,-1;4,(103,475),(284,482),-1,-1;4,(103,61),(284,62),-1,-1;4,(39,55),(366,55),-1,-1
Ghestroke.sc	1,(39,536),2;2,(39,0),0;6,(104,249),(104,307),0;4,(39,536),(103,475),1,-1;4,(39,536),(39,481),0,-1;4,(103,475),(284,482),-1,-1;4,(104,307),(283,307),-1,-1;4,(104,249),(283,249),-1,-1;4,(39,0),(103,61),1,-1;4,(103,61),(284,62),-1,-1;4,(39,0),(39,55),0,-1;4,(39,55),(366,55),-1,-1
Zhedescender.sc	8,(849,-153),0;1,(142,552),2;1,(782,552),2;1,(317,536),2;2,(317,0),0;2,(9,0),0;2,(106,-13),0;2,(837,-12),0;6,(379,244),(379,299),1;4,(317,0),(317,55),0,-1;4,(317,0),(378,61),1,-1;4,(9,0),(9,55),0,-1;14,(280,274),(379,244),(379,299),-1;4,(142,552),(180,414),-2,-1;4,(317,536),(378,475),1,-1;4,(317,536),(317,481),0,-1;4,(317,481),(607,481),-1,-1;4,(378,475),(545,475),-1,-1;4,(379,299),(544,299),-1,-1;4,(782,552),(743,413),-2,-1;4,(280,274),(644,274),-1,-1;4,(317,55),(607,55),-1,-1;4,(607,55),(937,54),-1,-1;4,(379,244),(544,244),-1,-1;4,(378,61),(545,61),-1,-1
Kadescender.sc	8,(585,-153),0;1,(39,536),2;1,(532,552),2;2,(39,0),0;2,(573,-13),0;6,(283,244),(283,299),0;4,(39,0),(39,55),0,-1;4,(39,0),(103,61),1,-1;4,(39,536),(103,475),1,-1;4,(39,536),(39,481),0,-1;4,(39,481),(340,481),-1,-1;4,(103,475),(284,476),-1,-1;4,(532,552),(494,415),-2,-1;14,(394,274),(283,299),(283,244),-1;4,(39,55),(674,55),-1,-1;4,(103,61),(340,55),-1,-1;4,(39,55),(340,0),-1,-1
Endescender.sc	8,(623,-153),0;1,(39,536),2;1,(382,536),2;2,(39,0),0;2,(382,0),0;6,(282,249),(282,307),0;4,(39,536),(102,475),1,-1;4,(39,536),(39,481),0,-1;4,(39,481),(341,481),-1,-1;4,(102,475),(283,476),-1,-1;4,(283,476),(440,476),-1,-1;4,(341,481),(382,481),-1,-1;4,(382,481),(683,481),-1,-1;4,(440,476),(621,476),-1,-1;4,(39,0),(102,61),1,-1;4,(102,61),(283,60),-1,-1;4,(283,60),(440,60),-1,-1;4,(440,60),(621,61),-1,-1;4,(39,0),(39,55),0,-1;4,(39,55),(341,55),-1,-1;4,(341,55),(382,55),-1,-1;4,(382,55),(711,55),-1,-1
Ustraightstroke.sc	1,(8,536),2;1,(388,536),2;2,(127,0),0;6,(501,183),(501,241),1;4,(127,0),(200,61),1,-1;4,(200,61),(382,61),-1,-1;4,(127,0),(127,55),0,-1;4,(127,55),(456,55),-1,-1;4,(501,183),(201,183),-1,-1;4,(501,241),(77,241),-1,-1;4,(8,536),(56,477),1,-1;4,(8,536),(8,481),0,-1;4,(8,481),(318,481),-1,-1;4,(56,477),(258,475),-1,-1;14,(348,294),(127,0),(8,536),-1;4,(388,536),(441,473),1,-1;4,(388,536),(388,481),0,-1;4,(388,481),(571,481),-1,-1;4,(441,473),(509,471),-1,-1
Hadescender.sc	8,(537,-153),0;1,(7,536),2;1,(378,536),2;2,(0,0),0;2,(282,0),0;4,(0,0),(0,55),0,-1;4,(0,0),(66,57),1,-1;4,(7,536),(63,475),1,-1;4,(7,536),(7,481),0,-1;4,(7,481),(299,481),-1,-1;4,(63,475),(259,477),-1,-1;14,(340,357),(66,57),(63,475),-1;4,(259,477),(422,480),-1,-1;4,(299,481),(378,481),-1,-1;4,(378,481),(564,481),-1,-1;4,(422,480),(503,479),-1,-1;4,(66,57),(147,57),-1,-1;4,(147,57),(341,60),-1,-1;4,(341,60),(538,61),-1,-1;4,(0,55),(194,55),-1,-1;4,(194,55),(282,55),-1,-1;4,(282,55),(625,55),-1,-1;14,(249,197),(66,57),(63,475),-1
