#Glyph name	TT hints	Glyph color
A	1,16,3;2,13,0;2,5,0;4,16,1,-1,-1;4,13,15,0,-1;14,2,16,15,0;4,15,10,-1,-1;4,10,7,-1,-1;4,2,9,0,-1;4,7,18,-1,-1
B	1,22,3;2,38,0;4,38,0,0,-1;14,15,0,22,0;4,15,6,0,-1;4,22,21,0,-1;14,28,15,6,-1;4,0,41,-1,-1;4,21,48,-1,-1
C	1,13,3;2,3,0;4,13,21,0,-1;4,3,31,0,-1
D	1,17,3;2,27,0;4,27,0,0,-1;4,17,8,0,-1;4,0,30,-1,-1;4,8,37,-1,-1
E	1,13,3;2,2,0;4,2,31,0,-1;4,31,4,-1,-1;4,13,18,0,-1;4,18,11,-1,-1;14,21,31,13,0;4,21,28,0,-1;14,23,21,28,0;14,26,21,28,0
F	1,27,3;2,16,0;4,27,0,0,-1;4,16,18,0,-1;14,3,27,18,0;4,3,10,0,-1;14,5,3,10,0;14,8,10,3,0;4,18,13,-1,-1;4,0,25,-1,-1
G	1,18,3;2,8,0;4,8,37,0,-1;14,45,37,18,0;4,45,43,0,-1;4,43,1,-1,-1;14,23,18,37,-1;4,18,27,0,-1
H	1,45,3;1,33,3;2,22,0;2,10,0;4,33,31,0,-1;4,31,36,-1,-1;4,36,43,-1,-1;4,43,0,-1,-1;4,22,24,0,-1;4,24,19,-1,-1;4,19,12,-1,-1;4,12,7,-1,-1;14,39,24,33,0;4,39,16,0,-1
I	1,21,3;2,10,0;4,21,19,0,-1;4,19,0,-1,-1;4,10,12,0,-1;4,12,7,-1,-1
J	1,37,3;6,15,23,-2;4,37,35,0,-1;4,35,1,-1,-1
K	1,23,3;1,33,3;2,12,0;2,2,0;4,12,14,0,-1;4,14,9,-1,-1;4,9,4,-1,-1;14,5,2,33,-1;14,6,12,23,-1;4,23,21,0,-1;4,21,26,-1,-1;14,30,12,23,-1;4,26,31,-1,-1;4,31,36,-1,-1;14,37,2,33,-1;4,4,38,-1,-1
L	1,13,3;2,2,0;4,2,23,0,-1;4,23,4,-1,-1;4,13,11,0,-1;4,11,16,-1,-1
M	1,28,3;1,31,3;2,23,0;2,18,0;2,10,0;4,28,26,0,-1;4,26,0,-1,-1;4,23,25,0,-1;4,25,20,-1,-1;4,20,12,-1,-1;4,12,7,-1,-1;14,16,10,31,-1;14,19,28,23,-1;14,30,23,28,-1
N	1,19,3;1,14,3;2,3,0;2,8,0;4,19,17,0,-1;4,17,1,-1,-1;14,4,8,14,-1;4,8,10,0,-1;4,10,5,-1,-1;4,17,12,-1,-1;14,16,19,3,-1
O	1,20,3;2,30,0;4,30,5,0,-1;4,20,15,0,-1
P	1,30,3;2,18,0;4,30,0,0,-1;4,18,20,0,-1;14,4,20,30,0;4,4,12,0,-1;4,20,15,-1,-1;4,0,27,-1,-1
Q	1,38,3;2,28,0;2,48,0;6,23,51,-2;4,48,5,0,-1;4,38,15,0,-1
R	1,44,3;2,32,0;2,16,0;4,32,34,0,-1;14,0,34,44,0;4,44,9,0,-1;4,0,25,0,-1;4,34,29,-1,-1;4,9,41,-1,-1;14,52,0,25,-1;4,29,56,-1,-1
S	1,36,3;2,10,0;4,36,44,0,-1;4,10,19,0,-1;14,0,44,19,-1;14,28,19,44,-1
T	1,23,3;2,10,0;4,23,19,0,-1;4,19,0,-1,-1;4,10,12,0,-1;4,12,7,-1,-1
U	1,18,3;1,38,3;2,7,0;4,18,16,0,-1;4,16,21,-1,-1;4,21,36,-1,-1;4,36,1,-1,-1;4,7,30,0,-1
V	1,6,3;1,13,3;2,3,0;4,6,4,0,-1;4,4,9,-1,-1;4,9,11,-1,-1;4,11,1,-1,-1;14,10,13,3,-1
W	1,16,3;1,23,3;1,9,3;2,6,0;2,3,0;4,9,7,0,-1;4,7,12,-1,-1;4,12,14,-1,-1;4,14,19,-1,-1;4,19,21,-1,-1;4,21,1,-1,-1;14,13,6,16,-1;14,20,3,23,-1
X	1,15,3;1,22,3;2,9,0;2,2,0;4,9,11,0,-1;4,11,6,-1,-1;4,6,4,-1,-1;4,15,13,0,-1;14,5,11,13,-1;4,13,18,-1,-1;14,19,11,13,-1;4,18,20,-1,-1;4,20,25,-1,-1;4,4,27,-1,-1
Y	1,16,3;1,23,3;2,7,0;4,7,9,0,-1;4,9,4,-1,-1;4,16,14,0,-1;4,14,19,-1,-1;14,20,9,14,-1;4,19,21,-1,-1;4,21,26,-1,-1
Z	1,9,3;2,2,0;4,2,11,0,-1;4,11,3,-1,-1;4,9,4,0,-1;4,4,10,-1,-1
a	1,53,0;2,26,0;2,18,0;4,26,11,0,-1;14,37,53,11,0;4,37,0,0,-1;14,14,0,26,-1;14,21,26,0,-1;4,53,41,0,-1;14,47,53,11,0;4,11,59,-1,-1
b	1,16,0;1,41,4;2,26,0;2,31,0;14,0,26,16,-1;4,26,2,0,-1;4,16,10,0,-1;14,12,16,26,-1;4,2,34,-1,-1;4,41,40,-1,-1;4,40,38,0,-1
c	1,13,0;2,3,0;4,13,25,0,-1;4,3,33,0,-1
d	1,29,0;1,35,4;2,19,0;2,15,0;14,0,29,19,-1;4,29,2,0,-1;4,19,10,0,-1;14,12,19,29,-1;4,35,34,-1,-1;4,34,32,0,-1;4,10,38,-1,-1
e	1,32,0;2,22,0;4,32,6,0,-1;4,22,15,0,-1;14,11,32,15,0;4,11,12,0,-1
f	1,6,4;1,21,0;1,0,0;2,31,0;4,6,15,0,-1;4,21,24,0,-1;4,31,33,0,-1;4,33,28,-1,-1;4,24,37,-1,-1
g	1,76,0;1,79,0;6,56,21,0;6,12,47,-2;4,76,6,0,-1;14,38,47,6,0;4,38,0,0,-1;14,31,76,38,-1;14,62,47,12,-1;14,68,0,38,-1;14,78,76,38,-1
h	1,36,0;1,30,4;2,21,0;2,2,0;4,21,23,0,-1;4,23,18,-1,-1;4,18,4,-1,-1;4,36,11,0,-1;14,14,36,21,-1;4,30,29,-1,-1;4,29,27,0,-1;4,4,43,-1,-1
i	1,26,0;1,6,4;2,14,0;4,26,0,-2,-1;4,14,16,0,-1;4,26,25,-1,-1;4,25,23,0,-1;4,16,32,-1,-1
j	1,0,0;1,36,4;2,11,1;4,11,21,0,-1;4,0,35,-1,-1;4,35,33,0,-1;4,0,42,-2,-1
k	1,25,0;1,19,4;2,10,0;2,2,0;14,3,2,25,-1;14,4,10,25,-1;4,10,12,0,-1;4,12,7,-1,-1;4,19,18,-1,-1;4,18,16,0,-1;14,22,10,25,-1;4,25,23,0,-1;4,23,28,-1,-1;14,29,2,25,-1;4,7,30,-1,-1
l	1,11,4;2,2,0;4,2,4,0,-1;4,11,10,-1,-1;4,10,8,0,-1;4,4,17,-1,-1
m	1,60,0;1,66,0;1,55,0;2,43,0;2,24,0;2,2,0;4,43,45,0,-1;4,45,40,-1,-1;4,40,26,-1,-1;4,26,21,-1,-1;4,21,4,-1,-1;4,60,33,0,-1;4,33,11,-1,-1;14,14,60,24,-1;14,36,55,43,-1;4,55,54,-1,-1;4,54,52,0,-1;14,57,55,43,-1;14,63,60,24,-1;4,4,73,-1,-1
n	1,38,0;1,33,0;2,21,0;2,2,0;4,21,23,0,-1;4,23,18,-1,-1;4,18,4,-1,-1;4,38,11,0,-1;14,14,33,21,-1;4,33,32,-1,-1;4,32,30,0,-1;14,35,33,21,-1;4,4,45,-1,-1
o	1,12,0;2,22,0;4,12,0,0,-1;4,22,6,0,-1
p	1,14,0;1,45,0;2,24,0;2,33,1;14,0,24,14,-1;4,24,2,0,-1;4,14,8,0,-1;14,10,14,24,-1;4,33,35,0,-1;4,35,30,-1,-1;4,45,44,-1,-1;4,44,42,0,-1
q	1,36,0;1,40,0;2,26,0;2,17,1;14,0,36,26,-1;4,36,3,0,-1;4,26,11,0,-1;14,14,26,36,-1;4,17,19,0,-1;4,19,46,-1,-1
r	1,34,0;1,3,0;2,22,0;4,3,12,-2,-1;14,15,3,22,-1;4,22,24,0,-1;4,24,19,-1,-1;4,34,33,-1,-1;4,33,31,0,-1
s	1,33,0;2,10,0;4,10,18,0,-1;14,21,10,33,-1;4,33,42,0,-1;14,45,33,10,-1
t	8,15,0;1,13,0;1,16,0;2,3,0;4,13,10,0,-1;4,10,19,-1,-1;4,3,23,0,-1
u	1,27,0;1,14,0;2,5,0;2,2,0;4,27,24,0,-1;4,24,11,-1,-1;4,5,20,0,-1;14,23,14,5,-1;4,20,30,-1,-1
v	1,6,0;1,13,0;2,3,0;4,6,4,0,-1;4,4,9,-1,-1;4,9,11,-1,-1;4,11,1,-1,-1;14,10,3,13,-1
w	1,9,0;1,16,0;1,23,0;2,6,0;2,3,0;4,9,7,0,-1;4,7,12,-1,-1;4,12,14,-1,-1;4,14,19,-1,-1;4,19,21,-1,-1;4,21,1,-1,-1;14,13,6,16,-1;14,20,3,23,-1
x	1,15,0;1,22,0;2,9,0;2,2,0;4,9,11,0,-1;4,11,6,-1,-1;4,6,4,-1,-1;14,5,2,22,-1;4,15,13,0,-1;4,13,18,-1,-1;14,19,22,2,-1;4,18,20,-1,-1;4,20,25,-1,-1;4,4,27,-1,-1
y	1,23,0;1,30,0;2,7,1;4,23,21,0,-1;4,21,26,-1,-1;4,26,28,-1,-1;4,28,1,-1,-1;4,7,17,-2,-1
z	1,9,0;2,2,0;4,2,11,0,-1;4,11,3,-1,-1;4,9,4,0,-1;4,4,10,-1,-1
AE	1,21,3;2,6,0;2,15,0;4,6,39,0,-1;14,1,21,39,0;4,21,26,0,-1;4,26,2,-1,-1;4,39,8,-1,-1;4,1,11,0,-1;4,8,13,-1,-1;4,13,18,-1,-1;4,2,19,-1,-1;14,29,21,39,0;4,29,36,0,-1;14,31,29,36,0;14,34,29,36,0
Lslash	1,16,3;2,2,0;4,2,28,0,-1;4,28,4,-1,-1;14,22,16,28,-1;4,22,25,0,-1;4,25,7,-1,-1;4,22,10,-1,-1;4,16,14,0,-1;4,14,19,-1,-1
Oslash	1,50,3;1,46,3;2,36,0;2,32,0;4,32,3,0,-1;4,46,15,0,-1;14,11,15,3,-1;14,23,3,15,-1
OE	1,36,3;1,39,3;2,26,0;2,24,0;4,36,6,0,-1;4,26,16,0,-1;4,39,44,0,-1;4,24,57,0,-1;14,47,39,57,0;4,47,54,0,-1;14,49,47,54,0;14,52,47,54,0
Uogonek	1,39,3;1,59,3;2,28,0;6,20,13,-2;4,39,37,0,-1;4,37,42,-1,-1;4,42,57,-1,-1;4,57,1,-1,-1;4,28,51,0,-1;14,7,51,28,-1
Eth	1,19,3;2,29,0;4,29,0,0,-1;4,19,8,0,-1;14,12,19,0,0;4,12,15,0,-1;4,0,32,-1,-1;4,15,35,-1,-1;4,12,38,-1,-1;4,8,41,-1,-1
Thorn	1,26,3;2,15,0;4,15,17,0,-1;14,32,26,17,0;4,32,7,0,-1;14,9,26,17,0;4,9,8,0,-1;4,17,12,-1,-1;4,26,24,0,-1;4,24,29,-1,-1
aogonek	1,59,0;2,32,0;2,24,0;6,18,79,-2;4,32,11,0,-1;14,43,59,11,0;4,43,0,0,-1;14,14,0,32,-1;14,27,32,0,-1;4,59,47,0,-1;14,53,59,11,0;4,11,65,-1,-1
ae	1,83,0;1,77,0;2,51,0;2,42,0;4,51,16,0,-1;14,62,77,16,0;4,62,5,0,-1;14,0,5,51,-1;4,83,26,0,-1;4,42,35,0,-1;14,31,83,35,0;4,31,32,0,-1;4,0,45,-1,-1;4,77,66,0,-1;14,71,77,16,0
dcroat	8,33,0;1,44,4;2,23,0;2,19,0;14,0,33,23,-1;4,33,3,0,-1;4,23,11,0,-1;14,14,23,33,-1;4,44,43,-1,-1;4,43,41,0,-1;14,40,41,33,0;4,40,37,-2,-1;4,37,15,-1,-1;4,11,16,-1,-1;4,40,46,-1,-1
eogonek	1,46,0;2,36,0;6,28,21,-2;4,46,6,0,-1;4,36,58,0,-1;14,11,46,58,0;14,15,58,36,-1;4,11,55,0,-1
dotlessi	1,14,0;2,2,0;4,2,4,0,-1;4,14,13,-1,-1;4,13,11,0,-1;4,4,20,-1,-1
ldot	1,15,4;2,6,0;6,24,18,-1;4,6,8,0,-1;4,8,3,-1,-1;4,15,14,-1,-1;4,14,12,0,-1
lslash	1,19,4;2,6,0;4,6,8,0,-1;4,8,3,-1,-1;14,22,19,6,-1;4,22,25,0,-1;4,25,12,-1,-1;4,22,15,-1,-1;4,19,18,-1,-1;4,18,16,0,-1
oslash	1,38,0;2,25,0;4,25,2,0,-1;4,38,10,0,-1;14,7,2,10,-1;14,16,10,2,-1;4,7,17,-1,-1;4,16,30,-1,-1
oe	1,49,0;1,55,0;2,39,0;2,34,0;4,55,6,0,-1;4,34,27,0,-1;14,11,55,27,0;4,39,12,0,-1;4,49,18,0,-1;4,11,24,0,-1
germandbls	1,6,4;2,28,0;2,68,0;14,12,6,28,-1;14,20,28,6,-1;4,28,36,0,-1;14,44,28,6,-1;14,52,6,28,-1;4,6,58,0,-1;4,36,70,-1,-1
longs	1,6,4;2,27,0;4,6,15,0,-1;4,27,29,0,-1;4,29,24,-1,-1
uogonek	1,35,0;1,22,0;2,13,0;2,10,0;6,3,47,-2;4,35,32,0,-1;4,32,19,-1,-1;4,13,28,0,-1;14,31,22,13,-1;4,28,38,-1,-1
eth	8,30,0;1,42,4;1,46,4;2,20,0;4,20,0,0,-1;4,30,6,0,-1;14,12,30,42,-1;14,32,20,42,-1;14,38,42,30,-1;4,38,35,-1,-1;4,12,45,-1,-1
thorn	1,16,0;1,44,4;2,26,0;2,35,1;14,0,26,16,-1;4,26,2,0,-1;4,16,10,0,-1;14,12,16,26,-1;4,35,37,0,-1;4,37,32,-1,-1;4,44,43,-1,-1;4,43,41,0,-1
f_i	1,36,4;1,53,0;1,51,0;1,28,0;2,19,0;2,2,0;4,19,21,0,-1;4,21,16,-1,-1;4,16,4,-1,-1;4,51,12,0,-1;4,12,25,-1,-1;4,36,45,0,-1;4,4,59,-1,-1
f_l	1,48,4;1,44,4;1,17,0;1,36,0;2,27,0;2,2,0;4,27,29,0,-1;4,29,24,-1,-1;4,24,4,-1,-1;4,44,12,0,-1;4,17,20,0,-1;4,20,33,-1,-1;4,4,54,-1,-1
f_t	8,51,0;1,33,4;1,48,0;1,52,0;1,27,0;2,18,0;2,3,0;4,48,11,0,-1;4,18,20,0,-1;4,20,15,-1,-1;4,11,24,-1,-1;4,33,42,0,-1;4,11,55,-1,-1;4,15,59,-1,-1
ampersand	1,69,3;1,85,0;2,52,0;2,43,0;4,52,0,0,-1;14,3,43,85,-1;4,69,26,0,-1;14,60,26,0,-1;4,60,9,-1,-1;14,75,0,26,-1;4,75,20,-1,-1;4,85,83,0,-1;4,83,32,-1,-1;14,35,85,43,-1;4,0,38,-1,-1;4,3,49,-1,-1;4,35,81,-1,-1
zero	1,20,2;2,30,0;4,30,5,0,-1;4,20,15,0,-1
one	1,11,2;2,2,0;4,2,3,0,-1;4,3,0,-1,-1;4,2,4,0,-1;14,8,11,2,-1;4,4,17,-1,-1
two	1,23,2;2,1,0;4,1,34,-2,-1;4,34,3,-1,-1;14,4,23,1,-1;4,23,10,0,-1;14,33,1,23,-1
three	1,10,2;2,25,0;4,25,40,0,-1;14,49,10,40,0;4,49,46,0,-1;14,18,49,46,-1;4,10,54,0,-1
four	1,10,2;2,6,0;14,0,6,10,0;14,1,10,6,-1;4,0,2,-1,-1;4,0,7,-2,-1;4,7,4,-1,-1;4,2,9,-1,-1;4,0,12,-1,-1
five	1,34,2;2,12,0;14,2,34,12,0;4,12,24,0,-1;4,2,30,-2,-1;4,34,37,-2,-1
six	1,36,2;2,26,0;4,26,0,0,-1;14,18,36,0,0;4,18,6,0,-1;14,8,18,6,-1;4,36,11,0,-1;14,16,18,6,-1
seven	1,0,2;2,2,0;4,0,5,-2,-1;4,5,1,-1,-1
eight	1,54,2;2,38,0;4,38,0,0,-1;14,46,38,54,-1;4,46,10,-1,-1;4,54,16,0,-1;14,30,38,54,-1;4,30,24,-1,-1
nine	1,32,2;2,42,0;14,22,42,32,0;4,22,0,0,-1;14,3,22,0,-1;4,32,9,0,-1;4,42,15,0,-1;14,20,22,0,-1
zero.slash	1,23,2;2,33,0;4,33,3,0,-1;4,23,15,0,-1;14,11,15,3,-1;14,22,3,15,-1
zero.lf	1,20,2;2,30,0;4,30,5,0,-1;4,20,15,0,-1
one.lf	1,11,2;2,2,0;4,2,3,0,-1;4,3,0,-1,-1;4,2,4,0,-1;14,8,11,2,-1;4,4,17,-1,-1
two.lf	1,23,2;2,1,0;4,1,34,-2,-1;4,34,3,-1,-1;14,4,23,1,-1;4,23,10,0,-1;14,33,1,23,-1
three.lf	1,10,2;2,25,0;4,25,40,0,-1;14,49,10,40,0;4,49,46,0,-1;14,18,49,46,-1;4,10,54,0,-1
four.lf	1,10,2;2,6,0;14,0,6,10,0;14,1,10,6,-1;4,0,2,-1,-1;4,0,7,-2,-1;4,7,4,-1,-1;4,2,9,-1,-1;4,0,12,-1,-1
five.lf	1,34,2;2,12,0;14,2,34,12,0;4,12,24,0,-1;4,2,30,-2,-1;4,34,37,-2,-1
six.lf	1,36,2;2,26,0;4,26,0,0,-1;14,18,36,0,0;4,18,6,0,-1;14,8,18,6,-1;4,36,11,0,-1;14,16,18,6,-1
seven.lf	1,0,2;2,2,0;4,0,5,-2,-1;4,5,1,-1,-1
eight.lf	1,54,2;2,38,0;4,38,0,0,-1;14,46,38,54,-1;4,46,10,-1,-1;4,54,16,0,-1;14,30,38,54,-1;4,30,24,-1,-1
nine.lf	1,32,2;2,42,0;14,22,42,32,0;4,22,0,0,-1;14,3,22,0,-1;4,32,9,0,-1;4,42,15,0,-1;14,20,22,0,-1
zero.lfslash	1,23,2;2,33,0;4,33,3,0,-1;4,23,15,0,-1;14,11,15,3,-1;14,22,3,15,-1
zero.tosf	1,0,1;2,10,0;4,10,25,0,-1;4,0,35,0,-1
one.tosf	1,11,1;2,2,0;4,2,3,0,-1;4,3,0,-1,-1;4,2,4,0,-1;14,8,11,2,-1;4,4,17,-1,-1
two.tosf	1,24,1;2,1,0;4,1,35,-2,-1;4,35,3,-1,-1;14,4,24,1,-1;4,24,10,0,-1;14,34,1,24,-1
three.tosf	1,10,1;6,25,40,0;6,46,49,0;14,18,46,49,-1;4,10,54,0,-1
four.tosf	8,6,0;1,10,1;6,0,7,-2;14,1,10,0,-1;4,0,2,-1,-1;4,7,4,-1,-1;4,2,9,-1,-1;4,0,12,-1,-1
five.tosf	1,34,1;6,12,24,0;6,30,2,-2;14,0,30,2,-1;4,34,36,-2,-1
six.tosf	1,36,2;2,26,0;4,26,0,0,-1;14,18,36,0,0;4,18,6,0,-1;14,8,6,18,-1;4,36,11,0,-1;14,16,18,6,-1
seven.tosf	8,2,0;1,0,1;4,0,5,-2,-1;4,5,1,-1,-1
eight.tosf	1,54,2;2,38,0;4,38,0,0,-1;14,46,38,54,-1;4,46,10,-1,-1;4,54,16,0,-1;14,30,38,54,-1;4,30,24,-1,-1
nine.tosf	8,42,0;1,32,1;4,32,9,0,-1;14,22,42,9,0;4,22,0,0,-1;14,3,0,22,-1;4,42,15,0,-1;14,20,22,0,-1
zero.osf	1,0,1;2,10,0;4,10,25,0,-1;4,0,35,0,-1
one.osf	1,11,1;2,2,0;4,2,3,0,-1;4,3,0,-1,-1;4,2,4,0,-1;14,8,11,2,-1;4,4,17,-1,-1
two.osf	1,24,1;2,1,0;4,1,35,-2,-1;4,35,3,-1,-1;14,4,24,1,-1;4,24,10,0,-1;14,34,1,24,-1
three.osf	1,10,1;6,25,40,0;6,46,49,0;14,18,46,49,-1;4,10,54,0,-1
four.osf	8,6,0;1,10,1;6,0,7,-2;14,1,10,0,-1;4,0,2,-1,-1;4,7,4,-1,-1;4,2,9,-1,-1;4,0,12,-1,-1
five.osf	1,34,1;6,12,24,0;6,30,2,-2;14,0,30,2,-1;4,34,36,-2,-1
six.osf	1,36,2;2,26,0;4,26,0,0,-1;14,18,36,0,0;4,18,6,0,-1;14,8,6,18,-1;4,36,11,0,-1;14,16,18,6,-1
seven.osf	8,2,0;1,0,1;4,0,5,-2,-1;4,5,1,-1,-1
eight.osf	1,54,2;2,38,0;4,38,0,0,-1;14,46,38,54,-1;4,46,10,-1,-1;4,54,16,0,-1;14,30,38,54,-1;4,30,24,-1,-1
nine.osf	8,42,0;1,32,1;4,32,9,0,-1;14,22,42,9,0;4,22,0,0,-1;14,3,0,22,-1;4,42,15,0,-1;14,20,22,0,-1
period	2,0,0;4,0,6,-2,-1
comma	2,0,0;4,0,6,-2,-1
exclam	1,12,3;2,0,0;4,0,6,-2,-1;4,6,20,-2,-1
question	1,29,3;2,6,0;4,6,0,-2,-1;4,29,23,-2,-1;4,0,43,-2,-1
trademark	8,7,0;8,30,0;8,25,0;8,20,0;1,14,3;1,35,3;1,38,3;4,35,33,0,-1;4,33,3,-1,-1;4,30,32,0,-1;4,32,4,-1,-1;4,4,9,-1,-1;4,3,10,-1,-1;4,33,16,-1,-1;4,32,27,-1,-1;4,27,22,-1,-1;4,22,17,-1,-1;14,23,16,17,-1;14,26,33,32,-1;14,37,32,33,-1
servicemark	8,55,0;8,50,0;8,45,0;1,60,3;1,63,3;1,26,3;4,55,6,-1,0;4,6,14,0,-1;4,26,34,0,-1;14,19,14,34,-1;14,40,34,14,-1;4,60,58,0,-1;4,58,41,-1,-1;4,55,57,0,-1;4,57,52,-1,-1;4,52,47,-1,-1;4,47,42,-1,-1;14,48,41,42,-1;14,51,58,57,-1;14,62,57,58,-1
zero.sups	8,30,0;8,20,0;4,30,5,0,-1;4,20,15,0,-1
one.sups	8,2,0;8,8,0;4,2,4,0,-1;4,8,7,-1,-1;4,7,5,0,-1;4,4,10,-1,-1
two.sups	8,2,0;8,24,0;4,2,35,-2,-1;4,35,3,-1,-1;4,24,10,0,-1;14,4,35,10,-1;14,34,10,35,-1
three.sups	8,22,0;8,8,0;4,22,34,0,-1;14,43,8,34,-1;4,43,41,0,-1;4,8,48,0,-1
four.sups	8,6,0;8,10,0;14,0,10,6,-1;14,1,10,6,-1;4,0,2,-1,-1;4,0,7,-2,-1;4,7,4,-1,-1;4,2,9,-1,-1;4,0,12,-1,-1
five.sups	8,32,0;8,9,0;4,32,35,-2,-1;4,9,21,0,-1;14,3,35,21,-1;4,3,27,0,-1
six.sups	8,33,0;8,23,0;4,23,0,0,-1;14,17,33,0,-1;4,17,6,0,-1;4,33,11,0,-1
seven.sups	8,0,0;8,2,0;4,0,5,-2,-1;4,5,1,-1,-1
eight.sups	8,46,0;8,32,0;4,32,0,0,-1;4,46,13,0,-1;14,38,0,13,-1;4,38,8,-1,-1;14,26,13,0,-1;4,26,21,-1,-1
nine.sups	8,28,0;8,36,0;4,28,9,0,-1;14,20,36,9,-1;4,20,0,0,-1;4,36,15,0,-1
a.sups	8,25,0;8,19,0;8,53,0;4,25,12,0,-1;14,36,53,12,-1;4,36,0,0,-1;4,53,40,0,-1;14,47,53,12,-1;4,12,60,-1,-1
b.sups	8,28,0;8,31,0;8,18,0;8,38,0;4,28,2,0,-1;4,18,12,0,-1;4,2,34,-1,-1;4,38,37,-1,-1;4,37,35,0,-1
c.sups	8,11,0;8,3,0;4,11,24,0,-1;4,3,30,0,-1
d.sups	8,31,0;8,37,0;8,21,0;8,17,0;4,31,3,0,-1;4,21,11,0,-1;4,37,36,-1,-1;4,36,34,0,-1;4,11,39,-1,-1
e.sups	8,22,0;8,30,0;4,30,6,0,-1;4,22,15,0,-1;14,11,30,15,-1;4,11,12,0,-1
f.sups	8,26,0;8,0,0;8,19,0;8,6,4;4,6,15,0,-1;4,19,22,0,-1;4,26,28,0,-1;4,28,23,-1,-1;4,22,29,-1,-1
g.sups	8,66,0;8,69,0;6,12,39,-2;6,19,48,0;4,66,6,0,-1;14,32,39,6,0;4,32,0,0,-1;14,27,66,6,-1;14,54,39,12,-1;14,60,32,0,-1
h.sups	8,25,0;8,14,0;8,2,0;8,20,0;4,14,16,0,-1;4,16,11,-1,-1;4,11,4,-1,-1;4,25,8,0,-1;14,10,25,14,-1;4,20,19,-1,-1;4,19,17,0,-1;4,4,29,-1,-1
i.sups	8,20,0;8,14,0;8,6,0;4,20,0,-2,-1;4,14,16,0,-1;4,20,19,-1,-1;4,19,17,0,-1;4,16,22,-1,-1
j.sups	8,12,0;8,6,0;8,22,0;4,12,0,-2,-1;4,22,32,0,-1;4,12,42,-1,-1;4,42,40,0,-1
k.sups	8,8,0;8,2,0;8,19,0;8,14,0;14,3,2,19,-1;14,4,8,19,-1;4,8,10,0,-1;4,10,5,-1,-1;4,14,13,-1,-1;4,13,11,0,-1;14,16,8,19,-1;4,19,17,0,-1;4,17,22,-1,-1;14,23,2,19,-1;4,5,24,-1,-1
l.sups	8,2,0;8,8,0;4,2,4,0,-1;4,8,7,-1,-1;4,7,5,0,-1;4,4,10,-1,-1
m.sups	8,31,0;8,18,0;8,2,0;8,37,0;8,42,0;8,47,0;4,31,33,0,-1;4,33,28,-1,-1;4,28,20,-1,-1;4,20,15,-1,-1;4,15,4,-1,-1;4,42,24,0,-1;4,24,8,-1,-1;14,11,18,42,-1;14,27,31,37,-1;4,37,36,-1,-1;4,36,34,0,-1;14,39,37,31,-1;14,44,42,18,-1;4,4,50,-1,-1
n.sups	8,15,0;8,26,0;8,2,0;8,21,0;4,15,17,0,-1;4,17,12,-1,-1;4,12,4,-1,-1;4,26,8,0,-1;14,11,15,21,-1;4,21,20,-1,-1;4,20,18,0,-1;14,23,21,15,-1;4,4,30,-1,-1
o.sups	8,10,0;8,20,0;4,10,0,0,-1;4,20,5,0,-1
p.sups	8,17,0;8,39,0;8,27,0;8,33,0;4,17,11,0,-1;14,0,11,27,-1;4,27,3,0,-1;14,13,3,17,-1;4,33,35,0,-1;4,35,30,-1,-1;4,39,38,-1,-1;4,38,36,0,-1
q.sups	8,15,0;8,21,0;8,31,0;8,34,0;4,21,10,0,-1;14,0,10,31,-1;4,31,2,0,-1;14,12,2,21,-1;4,15,17,0,-1;4,17,36,-1,-1
r.sups	8,18,0;8,3,0;8,24,0;4,3,12,-2,-1;14,14,3,18,-1;4,18,20,0,-1;4,20,15,-1,-1;4,24,23,-1,-1;4,23,21,0,-1
s.sups	8,26,0;8,6,0;4,6,14,0,-1;14,16,6,26,-1;4,26,35,0,-1;14,38,26,6,-1
t.sups	8,13,0;8,3,0;8,10,0;8,12,0;4,13,16,0,-1;4,16,7,-1,-1;4,3,20,0,-1
u.sups	8,6,0;8,2,0;8,24,0;8,12,0;8,25,1;8,13,1;4,24,22,0,-1;4,22,10,-1,-1;4,6,18,0,-1;14,21,24,6,-1;4,18,27,-1,-1
v.sups	8,13,0;8,6,0;8,3,0;4,6,9,0,-1;4,9,11,-1,-1;4,11,1,-1,-1;4,9,4,-1,-1;14,10,3,13,-1
w.sups	8,3,0;8,6,0;8,23,0;8,16,0;8,9,0;4,9,12,0,-1;4,12,14,-1,-1;4,14,19,-1,-1;4,19,21,-1,-1;4,21,1,-1,-1;14,4,3,16,-1;4,12,7,-1,-1;14,13,6,16,-1;14,20,3,23,-1
x.sups	8,15,0;8,22,0;8,2,0;8,9,0;4,9,11,0,-1;4,11,6,-1,-1;4,6,4,-1,-1;14,5,2,22,-1;4,15,18,0,-1;4,18,13,-1,-1;14,19,22,2,-1;4,18,20,-1,-1;4,20,25,-1,-1;4,4,27,-1,-1
y.sups	8,28,0;8,21,0;8,5,0;4,21,24,0,-1;4,24,26,-1,-1;4,26,1,-1,-1;4,5,15,-2,-1;4,24,19,-1,-1
z.sups	8,9,0;8,2,0;4,2,11,0,-1;4,11,3,-1,-1;4,9,4,0,-1;4,4,10,-1,-1
egrave.sups	8,42,0;8,34,0;4,42,18,0,-1;4,34,27,0,-1;14,23,27,42,-1;4,23,24,0,-1
eacute.sups	8,42,0;8,34,0;4,42,18,0,-1;4,34,27,0,-1;14,23,42,27,-1;4,23,24,0,-1
dollar	1,52,2;1,55,2;2,27,0;2,24,0;4,27,40,0,-1;4,40,0,-1,-1;4,52,7,0,-1;14,41,40,7,-1;4,41,6,-1,-1;14,68,7,40,-1;4,68,13,-1,-1;4,7,67,-1,-1
sterling	1,21,2;2,2,0;4,2,48,-2,-1;4,48,3,-1,-1;14,40,48,21,0;4,40,43,0,-1;4,43,8,-1,-1;4,40,11,-1,-1;4,21,34,0,-1
yen	1,29,2;1,36,2;2,14,0;4,29,27,0,-1;4,27,32,-1,-1;4,32,34,-1,-1;4,34,0,-1,-1;4,14,16,0,-1;14,26,16,36,0;4,26,1,-1,-1;4,26,23,0,-1;4,23,4,-1,-1;14,22,16,36,0;4,22,5,-1,-1;4,22,19,0,-1;4,19,8,-1,-1;4,16,11,-1,-1;4,26,33,-1,-1
Euro	1,27,2;2,9,0;4,9,58,0,-1;14,52,58,27,0;4,52,55,0,-1;4,55,12,-1,-1;4,52,15,-1,-1;14,43,58,27,0;4,43,46,0,-1;4,46,21,-1,-1;4,43,24,-1,-1;4,27,40,0,-1
circumflexcmb	8,4,0;4,4,1,-2,-1
circumflexcmb.cap	8,4,0;4,4,1,-2,-1
tildecmb	6,21,0,-2;4,0,6,-1,-1;14,9,0,21,-1;4,21,15,-1,-1;14,24,15,6,-1
tildecmb.cap	6,0,21,-2;4,0,6,-1,-1;14,9,21,0,-1;4,21,15,-1,-1;14,24,15,6,-1
macroncmb	6,2,1,-2
macroncmb.cap	6,2,1,-2
brevecmb	6,0,9,-2
brevecmb.cap	6,0,9,-2
dotaccentcmb	6,0,6,-1
dotaccentcmb.cap	6,0,6,-2
dieresiscmb	6,0,6,-2;4,0,12,-1,-1;4,6,18,-1,-1
dieresiscmb.cap	6,0,6,-2;4,0,12,-1,-1;4,6,18,-1,-1
ringcmb	6,12,0,-2;4,0,6,-2,-1;4,6,22,-2,-1
ringcmb.cap	6,0,20,-2;4,20,26,-2,-1;4,26,10,-2,-1
caroncmb	6,1,5,-2
caroncmb.cap	6,1,5,-2
commabelowcmb	6,9,3,-2
cedillacmb	6,0,19,-2;4,19,13,-2,-1;4,13,6,-2,-1
ogonekcmb	6,19,12,-2
