#Glyph name	TT hints	Glyph color
A	1,16,3;2,13,0;2,5,0;4,16,1,-1,-1;4,13,15,0,-1;14,2,16,15,0;4,15,10,-1,-1;4,10,7,-1,-1;4,2,9,0,-1;4,7,18,-1,-1
B	1,24,3;2,42,0;4,42,0,0,-1;14,17,0,24,0;4,17,8,0,-1;4,24,23,0,-1;14,32,17,8,-1;4,0,45,-1,-1;4,23,52,-1,-1
C	1,14,3;2,4,0;4,14,22,0,-1;4,4,32,0,-1
D	1,19,3;2,29,0;4,29,0,0,-1;4,19,10,0,-1;4,0,32,-1,-1;4,10,39,-1,-1
E	1,13,3;2,2,0;4,2,31,0,-1;4,31,4,-1,-1;4,13,18,0,-1;4,18,11,-1,-1;14,21,31,13,0;4,21,28,0,-1;14,23,21,28,0;14,26,21,28,0
F	1,27,3;2,16,0;4,27,0,0,-1;4,16,18,0,-1;14,3,27,18,0;4,3,10,0,-1;14,5,3,10,0;14,8,10,3,0;4,18,13,-1,-1;4,0,25,-1,-1
G	1,18,3;2,8,0;4,8,34,0,-1;14,42,34,18,0;4,42,40,0,-1;4,40,1,-1,-1;14,23,18,34,-1;4,18,26,0,-1
H	1,45,3;1,33,3;2,22,0;2,10,0;4,33,31,0,-1;4,31,36,-1,-1;4,36,43,-1,-1;4,43,0,-1,-1;4,22,24,0,-1;4,24,19,-1,-1;4,19,12,-1,-1;4,12,7,-1,-1;14,39,24,33,0;4,39,16,0,-1
I	1,21,3;2,10,0;4,21,19,0,-1;4,19,0,-1,-1;4,10,12,0,-1;4,12,7,-1,-1
J	1,33,3;6,11,19,-2;4,33,31,0,-1;4,31,1,-1,-1
K	1,23,3;1,33,3;2,12,0;2,2,0;4,12,14,0,-1;4,14,9,-1,-1;4,9,4,-1,-1;14,5,2,33,-1;14,6,12,23,-1;4,23,21,0,-1;4,21,26,-1,-1;14,30,12,23,-1;4,26,31,-1,-1;4,31,36,-1,-1;14,37,2,33,-1;4,4,38,-1,-1
L	1,13,3;2,2,0;4,2,23,0,-1;4,23,4,-1,-1;4,13,11,0,-1;4,11,16,-1,-1
M	1,28,3;1,31,3;2,23,0;2,18,0;2,10,0;4,28,26,0,-1;4,26,0,-1,-1;4,23,25,0,-1;4,25,20,-1,-1;4,20,12,-1,-1;4,12,7,-1,-1;14,16,10,31,-1;14,19,28,23,-1;14,30,23,28,-1
N	1,19,3;1,14,3;2,3,0;2,8,0;4,19,17,0,-1;4,17,1,-1,-1;14,4,8,14,-1;4,8,10,0,-1;4,10,5,-1,-1;4,17,12,-1,-1;14,16,19,3,-1
O	1,20,3;2,30,0;4,30,5,0,-1;4,20,15,0,-1
P	1,30,3;2,18,0;4,30,0,0,-1;4,18,20,0,-1;14,4,20,30,0;4,4,12,0,-1;4,20,15,-1,-1;4,0,27,-1,-1
Q	1,38,3;2,28,0;2,48,0;6,23,51,-2;4,48,5,0,-1;4,38,15,0,-1
R	1,45,3;2,33,0;2,17,0;4,33,35,0,-1;14,0,35,45,0;4,45,9,0,-1;4,0,26,0,-1;4,35,30,-1,-1;4,9,42,-1,-1;14,53,0,26,-1;4,30,57,-1,-1
S	1,34,3;2,10,0;4,34,43,0,-1;4,10,19,0,-1;14,0,43,19,-1;14,26,19,43,-1
T	1,23,3;2,10,0;4,23,19,0,-1;4,19,0,-1,-1;4,10,12,0,-1;4,12,7,-1,-1
U	1,18,3;1,38,3;2,7,0;4,18,16,0,-1;4,16,21,-1,-1;4,21,36,-1,-1;4,36,1,-1,-1;4,7,30,0,-1
V	1,6,3;1,13,3;2,3,0;4,6,4,0,-1;4,4,9,-1,-1;4,9,11,-1,-1;4,11,1,-1,-1;14,10,13,3,-1
W	1,16,3;1,23,3;1,9,3;2,6,0;2,3,0;4,9,7,0,-1;4,7,12,-1,-1;4,12,14,-1,-1;4,14,19,-1,-1;4,19,21,-1,-1;4,21,1,-1,-1;14,13,6,16,-1;14,20,3,23,-1
X	1,15,3;1,22,3;2,9,0;2,2,0;4,9,11,0,-1;4,11,6,-1,-1;4,6,4,-1,-1;4,15,13,0,-1;14,5,11,13,-1;4,13,18,-1,-1;14,19,11,13,-1;4,18,20,-1,-1;4,20,25,-1,-1;4,4,27,-1,-1
Y	1,18,3;1,25,3;2,9,0;4,9,11,0,-1;4,11,6,-1,-1;4,18,16,0,-1;4,16,21,-1,-1;14,22,11,16,-1;4,21,23,-1,-1;4,23,28,-1,-1
Z	1,9,3;2,2,0;4,2,11,0,-1;4,11,3,-1,-1;4,9,4,0,-1;4,4,10,-1,-1
a	1,52,0;2,24,0;2,18,0;4,24,11,0,-1;14,35,52,11,0;4,35,0,0,-1;14,14,0,24,-1;14,21,24,0,-1;4,52,39,0,-1;14,46,52,11,0;4,11,61,-1,-1
b	1,16,0;1,41,4;2,26,0;2,31,0;14,0,26,16,-1;4,26,3,0,-1;4,16,9,0,-1;14,12,16,26,-1;4,3,34,-1,-1;4,41,40,-1,-1;4,40,38,0,-1
c	1,13,0;2,3,0;4,13,27,0,-1;4,3,35,0,-1
d	1,31,0;1,38,4;2,21,0;2,17,0;14,0,31,21,-1;4,31,3,0,-1;4,21,11,0,-1;14,14,21,31,-1;4,38,37,-1,-1;4,37,35,0,-1;4,11,41,-1,-1
e	1,32,0;2,22,0;4,32,6,0,-1;4,22,15,0,-1;14,11,32,15,0;4,11,12,0,-1
f	1,6,4;1,21,0;1,0,0;2,31,0;4,6,15,0,-1;4,21,24,0,-1;4,31,33,0,-1;4,33,28,-1,-1;4,24,37,-1,-1
g	1,70,0;1,73,0;6,50,19,0;6,12,41,-2;4,70,6,0,-1;14,34,41,6,0;4,34,0,0,-1;14,27,70,34,-1;14,56,41,12,-1;14,62,0,34,-1;14,72,70,34,-1
h	1,38,0;1,30,4;2,21,0;2,2,0;4,21,23,0,-1;4,23,18,-1,-1;4,18,4,-1,-1;4,38,11,0,-1;14,14,38,21,-1;4,30,29,-1,-1;4,29,27,0,-1;4,4,45,-1,-1
i	1,26,0;1,6,4;2,14,0;4,26,0,-2,-1;4,14,16,0,-1;4,26,25,-1,-1;4,25,23,0,-1;4,16,32,-1,-1
j	1,0,0;1,34,4;2,11,1;4,11,23,0,-1;4,0,33,-1,-1;4,33,31,0,-1;4,0,40,-2,-1
k	1,25,0;1,19,4;2,10,0;2,2,0;14,3,2,25,-1;14,4,10,25,-1;4,10,12,0,-1;4,12,7,-1,-1;4,19,18,-1,-1;4,18,16,0,-1;14,22,10,25,-1;4,25,23,0,-1;4,23,28,-1,-1;14,29,2,25,-1;4,7,30,-1,-1
l	1,11,4;2,2,0;4,2,4,0,-1;4,11,10,-1,-1;4,10,8,0,-1;4,4,17,-1,-1
m	1,60,0;1,67,0;1,55,0;2,41,0;2,23,0;2,2,0;4,41,43,0,-1;4,43,38,-1,-1;4,38,25,-1,-1;4,25,20,-1,-1;4,20,4,-1,-1;4,60,31,0,-1;4,31,10,-1,-1;14,13,60,23,-1;14,34,55,41,-1;4,55,54,-1,-1;4,54,52,0,-1;14,57,55,41,-1;14,62,60,23,-1;4,4,74,-1,-1
n	1,42,0;1,35,0;2,21,0;2,2,0;4,21,23,0,-1;4,23,18,-1,-1;4,18,4,-1,-1;4,42,11,0,-1;14,14,35,21,-1;4,35,34,-1,-1;4,34,32,0,-1;14,37,35,21,-1;4,4,49,-1,-1
o	1,10,0;2,20,0;4,10,0,0,-1;4,20,5,0,-1
p	1,16,0;1,50,0;2,26,0;2,36,1;14,0,26,16,-1;4,26,3,0,-1;4,16,9,0,-1;14,12,16,26,-1;4,36,38,0,-1;4,38,33,-1,-1;4,50,49,-1,-1;4,49,47,0,-1
q	1,36,0;1,40,0;2,26,0;2,17,1;14,0,36,26,-1;4,36,3,0,-1;4,26,11,0,-1;14,14,26,36,-1;4,17,19,0,-1;4,19,46,-1,-1
r	1,36,0;1,3,0;2,22,0;4,3,12,-2,-1;14,15,3,22,-1;4,22,24,0,-1;4,24,19,-1,-1;4,36,35,-1,-1;4,35,33,0,-1
s	1,34,0;2,10,0;4,10,19,0,-1;14,22,10,34,-1;4,34,43,0,-1;14,46,34,10,-1
t	8,15,0;1,13,0;1,16,0;2,3,0;4,13,10,0,-1;4,10,19,-1,-1;4,3,23,0,-1
u	1,28,0;1,15,0;2,6,0;2,2,0;4,28,25,0,-1;4,25,12,-1,-1;4,6,21,0,-1;14,24,15,6,-1;4,21,31,-1,-1
v	1,6,0;1,13,0;2,3,0;4,6,4,0,-1;4,4,9,-1,-1;4,9,11,-1,-1;4,11,1,-1,-1;14,10,3,13,-1
w	1,9,0;1,16,0;1,23,0;2,6,0;2,3,0;4,9,7,0,-1;4,7,12,-1,-1;4,12,14,-1,-1;4,14,19,-1,-1;4,19,21,-1,-1;4,21,1,-1,-1;14,13,6,16,-1;14,20,3,23,-1
x	1,15,0;1,22,0;2,9,0;2,2,0;4,9,11,0,-1;4,11,6,-1,-1;4,6,4,-1,-1;14,5,2,22,-1;4,15,13,0,-1;4,13,18,-1,-1;14,19,22,2,-1;4,18,20,-1,-1;4,20,25,-1,-1;4,4,27,-1,-1
y	1,23,0;1,30,0;2,5,1;4,23,21,0,-1;4,21,26,-1,-1;4,26,28,-1,-1;4,28,1,-1,-1;4,5,17,-2,-1
z	1,9,0;2,2,0;4,2,11,0,-1;4,11,3,-1,-1;4,9,4,0,-1;4,4,10,-1,-1
AE	1,21,3;2,6,0;2,15,0;4,6,39,0,-1;14,1,21,39,0;4,21,26,0,-1;4,26,2,-1,-1;4,39,8,-1,-1;4,1,11,0,-1;4,8,13,-1,-1;4,13,18,-1,-1;4,2,19,-1,-1;14,29,21,39,0;4,29,36,0,-1;14,31,29,36,0;14,34,29,36,0
Lslash	1,16,3;2,2,0;4,2,28,0,-1;4,28,4,-1,-1;14,22,16,28,-1;4,22,25,0,-1;4,25,7,-1,-1;4,22,10,-1,-1;4,16,14,0,-1;4,14,19,-1,-1
Oslash	1,49,3;1,45,3;2,35,0;2,31,0;4,31,3,0,-1;4,45,14,0,-1;14,10,14,3,-1;14,22,3,14,-1
OE	1,37,3;1,40,3;2,27,0;2,24,0;4,37,5,0,-1;4,27,15,0,-1;4,40,45,0,-1;4,24,58,0,-1;14,48,40,58,0;4,48,55,0,-1;14,50,48,55,0;14,53,48,55,0
Uogonek	1,39,3;1,59,3;2,28,0;6,19,13,-2;4,39,37,0,-1;4,37,42,-1,-1;4,42,57,-1,-1;4,57,1,-1,-1;4,28,51,0,-1;14,7,51,28,-1
Eth	1,21,3;2,31,0;4,31,0,0,-1;4,21,10,0,-1;14,14,21,0,0;4,14,17,0,-1;4,0,34,-1,-1;4,17,37,-1,-1;4,14,40,-1,-1;4,10,43,-1,-1
Thorn	1,26,3;2,15,0;4,15,17,0,-1;14,32,26,17,0;4,32,7,0,-1;14,9,26,17,0;4,9,8,0,-1;4,17,12,-1,-1;4,26,24,0,-1;4,24,29,-1,-1
aogonek	1,60,0;2,32,0;2,24,0;6,18,83,-2;4,32,11,0,-1;14,43,60,11,0;4,43,0,0,-1;14,14,0,32,-1;14,27,32,0,-1;4,60,47,0,-1;14,54,60,11,0;4,11,69,-1,-1
ae	1,84,0;1,78,0;2,51,0;2,42,0;4,51,16,0,-1;14,62,78,16,0;4,62,6,0,-1;14,0,6,51,-1;4,84,26,0,-1;4,42,35,0,-1;14,31,84,35,0;4,31,32,0,-1;4,0,45,-1,-1;4,78,66,0,-1;14,72,78,16,0
dcroat	8,33,0;1,44,4;2,23,0;2,19,0;14,0,33,23,-1;4,33,3,0,-1;4,23,11,0,-1;14,14,23,33,-1;4,44,43,-1,-1;4,43,41,0,-1;14,40,41,33,0;4,40,37,-2,-1;4,37,15,-1,-1;4,11,16,-1,-1;4,40,46,-1,-1
eogonek	1,46,0;2,36,0;6,27,21,-2;4,46,6,0,-1;4,36,57,0,-1;14,11,46,57,0;14,15,57,36,-1;4,11,54,0,-1
dotlessi	1,14,0;2,2,0;4,2,4,0,-1;4,14,13,-1,-1;4,13,11,0,-1;4,4,20,-1,-1
ldot	1,15,4;2,6,0;6,24,18,-1;4,6,8,0,-1;4,8,3,-1,-1;4,15,14,-1,-1;4,14,12,0,-1
lslash	1,19,4;2,6,0;4,6,8,0,-1;4,8,3,-1,-1;14,22,19,6,-1;4,22,25,0,-1;4,25,12,-1,-1;4,22,15,-1,-1;4,19,18,-1,-1;4,18,16,0,-1
oslash	1,38,0;2,24,0;4,24,2,0,-1;4,38,11,0,-1;14,8,2,11,-1;14,15,11,2,-1;4,8,16,-1,-1;4,15,30,-1,-1
oe	1,48,0;1,54,0;2,38,0;2,32,0;4,54,6,0,-1;4,32,25,0,-1;14,11,54,25,0;4,38,12,0,-1;4,48,17,0,-1;4,11,22,0,-1
germandbls	1,6,4;2,30,0;2,70,0;14,12,6,30,-1;14,20,30,6,-1;4,30,38,0,-1;14,44,30,6,-1;14,54,6,30,-1;4,6,60,0,-1;4,38,72,-1,-1
longs	1,6,4;2,28,0;4,6,15,0,-1;4,28,30,0,-1;4,30,25,-1,-1
uogonek	1,36,0;1,23,0;2,14,0;2,10,0;6,3,47,-2;4,36,33,0,-1;4,33,20,-1,-1;4,14,29,0,-1;14,32,23,14,-1;4,29,39,-1,-1
eth	8,30,0;1,40,4;1,43,4;2,20,0;4,20,0,0,-1;4,30,6,0,-1;14,12,30,40,-1;14,32,20,40,-1;14,37,40,30,-1;4,37,34,-1,-1;4,12,42,-1,-1
thorn	1,16,0;1,45,4;2,26,0;2,36,1;14,0,26,16,-1;4,26,3,0,-1;4,16,9,0,-1;14,12,16,26,-1;4,36,38,0,-1;4,38,33,-1,-1;4,45,44,-1,-1;4,44,42,0,-1
f_i	1,36,4;1,55,0;1,53,0;1,28,0;2,19,0;2,2,0;4,19,21,0,-1;4,21,16,-1,-1;4,16,4,-1,-1;4,53,12,0,-1;4,12,25,-1,-1;4,36,47,0,-1;4,4,61,-1,-1
f_l	1,47,4;1,43,4;1,16,0;1,35,0;2,26,0;2,2,0;4,26,28,0,-1;4,28,23,-1,-1;4,23,4,-1,-1;4,43,12,0,-1;4,16,19,0,-1;4,19,32,-1,-1;4,4,53,-1,-1
f_t	8,51,0;1,33,4;1,48,0;1,52,0;1,27,0;2,18,0;2,3,0;4,48,11,0,-1;4,18,20,0,-1;4,20,15,-1,-1;4,11,24,-1,-1;4,33,42,0,-1;4,11,55,-1,-1;4,15,59,-1,-1
ampersand	1,70,3;1,88,0;2,51,0;2,40,0;4,51,0,0,-1;14,3,88,40,-1;4,70,23,0,-1;14,59,23,0,-1;4,59,9,-1,-1;14,78,0,23,-1;4,78,17,-1,-1;4,88,86,0,-1;4,86,29,-1,-1;14,32,40,88,-1;4,0,35,-1,-1;4,3,46,-1,-1;4,32,83,-1,-1
zero	1,20,2;2,30,0;4,30,5,0,-1;4,20,15,0,-1
one	1,11,2;2,2,0;4,2,3,0,-1;4,3,0,-1,-1;4,2,4,0,-1;14,8,11,2,-1;4,4,17,-1,-1
two	1,25,2;2,1,0;4,1,36,-2,-1;4,36,3,-1,-1;14,4,25,1,-1;4,25,10,0,-1;14,35,1,25,-1
three	1,10,2;2,26,0;4,26,40,0,-1;14,49,10,40,0;4,49,46,0,-1;14,18,49,46,-1;4,10,55,0,-1
four	1,10,2;2,6,0;14,0,6,10,0;14,1,10,6,-1;4,0,2,-1,-1;4,0,7,-2,-1;4,7,4,-1,-1;4,2,9,-1,-1;4,0,12,-1,-1
five	1,37,2;2,12,0;14,2,37,12,0;4,12,26,0,-1;4,2,32,-2,-1;4,37,40,-2,-1
six	1,37,2;2,27,0;4,27,0,0,-1;14,19,37,0,0;4,19,6,0,-1;14,9,19,6,-1;4,37,12,0,-1;14,17,19,6,-1
seven	1,0,2;2,2,0;4,0,5,-2,-1;4,5,1,-1,-1
eight	1,52,2;2,36,0;4,36,0,0,-1;14,44,36,52,-1;4,44,10,-1,-1;4,52,16,0,-1;14,30,36,52,-1;4,30,24,-1,-1
nine	1,32,2;2,42,0;14,22,42,32,0;4,22,0,0,-1;14,3,22,0,-1;4,32,9,0,-1;4,42,15,0,-1;14,20,22,0,-1
zero.slash	1,24,2;2,34,0;4,34,3,0,-1;4,24,15,0,-1;14,11,15,3,-1;14,23,3,15,-1
zero.lf	1,20,2;2,30,0;4,30,5,0,-1;4,20,15,0,-1
one.lf	1,11,2;2,2,0;4,2,3,0,-1;4,3,0,-1,-1;4,2,4,0,-1;14,8,11,2,-1;4,4,17,-1,-1
two.lf	1,25,2;2,1,0;4,1,36,-2,-1;4,36,3,-1,-1;14,4,25,1,-1;4,25,10,0,-1;14,35,1,25,-1
three.lf	1,10,2;2,26,0;4,26,40,0,-1;14,49,10,40,0;4,49,46,0,-1;14,18,49,46,-1;4,10,55,0,-1
four.lf	1,10,2;2,6,0;14,0,6,10,0;14,1,10,6,-1;4,0,2,-1,-1;4,0,7,-2,-1;4,7,4,-1,-1;4,2,9,-1,-1;4,0,12,-1,-1
five.lf	1,37,2;2,12,0;14,2,37,12,0;4,12,26,0,-1;4,2,32,-2,-1;4,37,40,-2,-1
six.lf	1,37,2;2,27,0;4,27,0,0,-1;14,19,37,0,0;4,19,6,0,-1;14,9,19,6,-1;4,37,12,0,-1;14,17,19,6,-1
seven.lf	1,0,2;2,2,0;4,0,5,-2,-1;4,5,1,-1,-1
eight.lf	1,52,2;2,36,0;4,36,0,0,-1;14,44,36,52,-1;4,44,10,-1,-1;4,52,16,0,-1;14,30,36,52,-1;4,30,24,-1,-1
nine.lf	1,32,2;2,42,0;14,22,42,32,0;4,22,0,0,-1;14,3,22,0,-1;4,32,9,0,-1;4,42,15,0,-1;14,20,22,0,-1
zero.lfslash	1,23,2;2,33,0;4,33,3,0,-1;4,23,15,0,-1;14,11,15,3,-1;14,22,3,15,-1
zero.tosf	1,0,1;2,10,0;4,10,25,0,-1;4,0,35,0,-1
one.tosf	1,11,1;2,2,0;4,2,3,0,-1;4,3,0,-1,-1;4,2,4,0,-1;14,8,11,2,-1;4,4,17,-1,-1
two.tosf	1,27,1;2,1,0;4,1,38,-2,-1;4,38,3,-1,-1;14,4,27,1,-1;4,27,12,0,-1;14,37,1,27,-1
three.tosf	1,10,1;6,26,40,0;6,46,49,0;14,18,46,49,-1;4,10,55,0,-1
four.tosf	8,6,0;1,10,1;6,0,7,-2;14,1,10,0,-1;4,0,2,-1,-1;4,7,4,-1,-1;4,2,9,-1,-1;4,0,12,-1,-1
five.tosf	1,37,1;6,12,26,0;6,32,2,-2;14,0,32,2,-1;4,37,39,-2,-1
six.tosf	1,37,2;2,27,0;4,27,0,0,-1;14,19,37,0,0;4,19,6,0,-1;14,9,6,19,-1;4,37,12,0,-1;14,17,19,6,-1
seven.tosf	8,2,0;1,0,1;4,0,5,-2,-1;4,5,1,-1,-1
eight.tosf	1,52,2;2,36,0;4,36,0,0,-1;14,44,36,52,-1;4,44,10,-1,-1;4,52,16,0,-1;14,30,36,52,-1;4,30,24,-1,-1
nine.tosf	8,42,0;1,32,1;4,32,9,0,-1;14,22,42,9,0;4,22,0,0,-1;14,3,0,22,-1;4,42,15,0,-1;14,20,22,0,-1
zero.osf	1,0,1;2,10,0;4,10,25,0,-1;4,0,35,0,-1
one.osf	1,11,1;2,2,0;4,2,3,0,-1;4,3,0,-1,-1;4,2,4,0,-1;14,8,11,2,-1;4,4,17,-1,-1
two.osf	1,27,1;2,1,0;4,1,38,-2,-1;4,38,3,-1,-1;14,4,27,1,-1;4,27,12,0,-1;14,37,1,27,-1
three.osf	1,10,1;6,26,40,0;6,46,49,0;14,18,46,49,-1;4,10,55,0,-1
four.osf	8,6,0;1,10,1;6,0,7,-2;14,1,10,0,-1;4,0,2,-1,-1;4,7,4,-1,-1;4,2,9,-1,-1;4,0,12,-1,-1
five.osf	1,37,1;6,12,26,0;6,32,2,-2;14,0,32,2,-1;4,37,39,-2,-1
six.osf	1,37,2;2,27,0;4,27,0,0,-1;14,19,37,0,0;4,19,6,0,-1;14,9,6,19,-1;4,37,12,0,-1;14,17,19,6,-1
seven.osf	8,2,0;1,0,1;4,0,5,-2,-1;4,5,1,-1,-1
eight.osf	1,52,2;2,36,0;4,36,0,0,-1;14,44,36,52,-1;4,44,10,-1,-1;4,52,16,0,-1;14,30,36,52,-1;4,30,24,-1,-1
nine.osf	8,42,0;1,32,1;4,32,9,0,-1;14,22,42,9,0;4,22,0,0,-1;14,3,0,22,-1;4,42,15,0,-1;14,20,22,0,-1
period	2,0,0;4,0,8,-2,-1
comma	2,0,0;4,0,6,-2,-1
exclam	1,16,3;2,0,0;4,0,8,-2,-1;4,8,24,-2,-1
question	1,31,3;2,8,0;4,8,0,-2,-1;4,31,25,-2,-1;4,0,47,-2,-1
trademark	8,7,0;8,30,0;8,25,0;8,20,0;1,14,3;1,35,3;1,38,3;4,35,33,0,-1;4,33,3,-1,-1;4,30,32,0,-1;4,32,4,-1,-1;4,4,9,-1,-1;4,3,10,-1,-1;4,33,16,-1,-1;4,32,27,-1,-1;4,27,22,-1,-1;4,22,17,-1,-1;14,23,16,17,-1;14,26,33,32,-1;14,37,32,33,-1
servicemark	8,59,0;8,54,0;8,49,0;1,64,3;1,67,3;1,30,3;4,59,8,-1,0;4,8,17,0,-1;4,30,38,0,-1;14,23,17,38,-1;14,44,38,17,-1;4,64,62,0,-1;4,62,45,-1,-1;4,59,61,0,-1;4,61,56,-1,-1;4,56,51,-1,-1;4,51,46,-1,-1;14,52,45,46,-1;14,55,62,61,-1;14,66,61,62,-1
zero.sups	8,30,0;8,20,0;4,30,5,0,-1;4,20,15,0,-1
one.sups	8,2,0;8,8,0;4,2,4,0,-1;4,8,7,-1,-1;4,7,5,0,-1;4,4,10,-1,-1
two.sups	8,2,0;8,22,0;4,2,33,-2,-1;4,33,3,-1,-1;4,22,9,0,-1;14,4,33,9,-1;14,32,9,33,-1
three.sups	8,23,0;8,11,0;4,23,36,0,-1;14,45,11,36,-1;4,45,43,0,-1;4,11,50,0,-1
four.sups	8,6,0;8,10,0;14,0,10,6,-1;14,1,10,6,-1;4,0,2,-1,-1;4,0,7,-2,-1;4,7,4,-1,-1;4,2,9,-1,-1;4,0,12,-1,-1
five.sups	8,34,0;8,9,0;4,34,37,-2,-1;4,9,23,0,-1;14,3,37,23,-1;4,3,29,0,-1
six.sups	8,32,0;8,24,0;4,24,0,0,-1;14,18,32,0,-1;4,18,6,0,-1;4,32,13,0,-1
seven.sups	8,0,0;8,2,0;4,0,5,-2,-1;4,5,1,-1,-1
eight.sups	8,47,0;8,33,0;4,33,0,0,-1;4,47,13,0,-1;14,39,0,13,-1;4,39,8,-1,-1;14,27,13,0,-1;4,27,21,-1,-1
nine.sups	8,30,0;8,38,0;4,30,9,0,-1;14,22,38,9,-1;4,22,0,0,-1;4,38,15,0,-1
a.sups	8,23,0;8,17,0;8,51,0;4,23,10,0,-1;14,34,51,10,-1;4,34,0,0,-1;4,51,38,0,-1;14,45,51,10,-1;4,10,57,-1,-1
b.sups	8,28,0;8,31,0;8,18,0;8,38,0;4,28,3,0,-1;4,18,13,0,-1;4,3,34,-1,-1;4,38,37,-1,-1;4,37,35,0,-1
c.sups	8,11,0;8,3,0;4,11,26,0,-1;4,3,32,0,-1
d.sups	8,29,0;8,36,0;8,19,0;8,16,0;4,29,3,0,-1;4,19,11,0,-1;4,36,35,-1,-1;4,35,33,0,-1;4,11,38,-1,-1
e.sups	8,22,0;8,30,0;4,30,6,0,-1;4,22,15,0,-1;14,11,30,15,-1;4,11,12,0,-1
f.sups	8,27,0;8,0,0;8,20,0;8,6,4;4,6,16,0,-1;4,20,23,0,-1;4,27,29,0,-1;4,29,24,-1,-1;4,23,30,-1,-1
g.sups	8,65,0;8,68,0;6,12,39,-2;6,20,48,0;4,65,6,0,-1;14,33,39,6,0;4,33,0,0,-1;14,28,65,6,-1;14,54,39,12,-1;14,60,33,0,-1
h.sups	8,25,0;8,14,0;8,2,0;8,20,0;4,14,16,0,-1;4,16,11,-1,-1;4,11,4,-1,-1;4,25,8,0,-1;14,10,25,14,-1;4,20,19,-1,-1;4,19,17,0,-1;4,4,29,-1,-1
i.sups	8,20,0;8,14,0;8,6,0;4,20,0,-2,-1;4,14,16,0,-1;4,20,19,-1,-1;4,19,17,0,-1;4,16,22,-1,-1
j.sups	8,12,0;8,6,0;8,22,0;4,12,0,-2,-1;4,22,32,0,-1;4,12,41,-1,-1;4,41,39,0,-1
k.sups	8,8,0;8,2,0;8,19,0;8,14,0;14,3,2,19,-1;14,4,8,19,-1;4,8,10,0,-1;4,10,5,-1,-1;4,14,13,-1,-1;4,13,11,0,-1;14,16,8,19,-1;4,19,17,0,-1;4,17,22,-1,-1;14,23,2,19,-1;4,5,24,-1,-1
l.sups	8,2,0;8,8,0;4,2,4,0,-1;4,8,7,-1,-1;4,7,5,0,-1;4,4,10,-1,-1
m.sups	8,31,0;8,18,0;8,2,0;8,37,0;8,42,0;8,47,0;4,31,33,0,-1;4,33,28,-1,-1;4,28,20,-1,-1;4,20,15,-1,-1;4,15,4,-1,-1;4,42,24,0,-1;4,24,8,-1,-1;14,11,18,42,-1;14,27,31,37,-1;4,37,36,-1,-1;4,36,34,0,-1;14,39,37,31,-1;14,44,42,18,-1;4,4,50,-1,-1
n.sups	8,14,0;8,25,0;8,2,0;8,20,0;4,14,16,0,-1;4,16,11,-1,-1;4,11,4,-1,-1;4,25,8,0,-1;14,10,14,20,-1;4,20,19,-1,-1;4,19,17,0,-1;14,22,20,14,-1;4,4,29,-1,-1
o.sups	8,8,0;8,18,0;4,8,0,0,-1;4,18,4,0,-1
p.sups	8,19,0;8,41,0;8,29,0;8,35,0;4,19,13,0,-1;14,0,13,29,-1;4,29,3,0,-1;14,15,3,19,-1;4,35,37,0,-1;4,37,32,-1,-1;4,41,40,-1,-1;4,40,38,0,-1
q.sups	8,15,0;8,20,0;8,30,0;8,34,0;4,20,10,0,-1;14,0,10,30,-1;4,30,2,0,-1;14,12,2,20,-1;4,15,17,0,-1;4,17,36,-1,-1
r.sups	8,18,0;8,3,0;8,24,0;4,3,12,-2,-1;14,14,3,18,-1;4,18,20,0,-1;4,20,15,-1,-1;4,24,23,-1,-1;4,23,21,0,-1
s.sups	8,26,0;8,6,0;4,6,15,0,-1;14,17,6,26,-1;4,26,34,0,-1;14,37,26,6,-1
t.sups	8,13,0;8,3,0;8,10,0;8,12,0;4,13,16,0,-1;4,16,7,-1,-1;4,3,20,0,-1
u.sups	8,5,0;8,2,0;8,25,0;8,13,0;8,26,1;8,14,1;4,25,23,0,-1;4,23,11,-1,-1;4,5,19,0,-1;14,22,25,5,-1;4,19,28,-1,-1
v.sups	8,13,0;8,6,0;8,3,0;4,6,9,0,-1;4,9,11,-1,-1;4,11,1,-1,-1;4,9,4,-1,-1;14,10,3,13,-1
w.sups	8,3,0;8,6,0;8,23,0;8,16,0;8,9,0;4,9,12,0,-1;4,12,14,-1,-1;4,14,19,-1,-1;4,19,21,-1,-1;4,21,1,-1,-1;14,4,3,16,-1;4,12,7,-1,-1;14,13,6,16,-1;14,20,3,23,-1
x.sups	8,15,0;8,22,0;8,2,0;8,9,0;4,9,11,0,-1;4,11,6,-1,-1;4,6,4,-1,-1;14,5,2,22,-1;4,15,18,0,-1;4,18,13,-1,-1;14,19,22,2,-1;4,18,20,-1,-1;4,20,25,-1,-1;4,4,27,-1,-1
y.sups	8,26,0;8,19,0;8,5,0;4,19,22,0,-1;4,22,24,-1,-1;4,24,1,-1,-1;4,5,14,-2,-1;4,22,17,-1,-1
z.sups	8,9,0;8,2,0;4,2,11,0,-1;4,11,3,-1,-1;4,9,4,0,-1;4,4,10,-1,-1
egrave.sups	8,42,0;8,34,0;4,42,18,0,-1;4,34,27,0,-1;14,23,27,42,-1;4,23,24,0,-1
eacute.sups	8,42,0;8,34,0;4,42,18,0,-1;4,34,27,0,-1;14,23,42,27,-1;4,23,24,0,-1
dollar	1,50,2;1,53,2;2,25,0;2,22,0;4,25,38,0,-1;4,38,0,-1,-1;4,50,7,0,-1;14,39,38,7,-1;4,39,6,-1,-1;14,68,7,38,-1;4,68,13,-1,-1;4,7,67,-1,-1
sterling	1,24,2;2,2,0;4,2,49,-2,-1;4,49,3,-1,-1;14,43,49,24,0;4,43,46,0,-1;4,46,11,-1,-1;4,43,14,-1,-1;4,24,37,0,-1
yen	1,29,2;1,36,2;2,14,0;4,29,27,0,-1;4,27,32,-1,-1;4,32,34,-1,-1;4,34,0,-1,-1;4,14,16,0,-1;14,26,16,36,0;4,26,1,-1,-1;4,26,23,0,-1;4,23,4,-1,-1;14,22,16,36,0;4,22,5,-1,-1;4,22,19,0,-1;4,19,8,-1,-1;4,16,11,-1,-1;4,26,33,-1,-1
Euro	1,31,2;2,11,0;4,11,64,0,-1;14,58,64,31,0;4,58,61,0,-1;4,61,14,-1,-1;4,58,17,-1,-1;14,49,64,31,0;4,49,52,0,-1;4,52,23,-1,-1;4,49,26,-1,-1;4,31,46,0,-1
circumflexcmb	8,4,0;4,4,1,-2,-1
circumflexcmb.cap	8,4,0;4,4,1,-2,-1
tildecmb	6,21,0,-2;4,0,6,-1,-1;14,9,0,21,-1;4,21,15,-1,-1;14,24,15,6,-1
tildecmb.cap	6,0,22,-2;4,0,6,-1,-1;14,9,22,0,-1;4,22,16,-1,-1;14,25,16,6,-1
macroncmb	6,2,1,-2
macroncmb.cap	6,2,1,-2
brevecmb	6,0,9,-2
brevecmb.cap	6,0,9,-2
dotaccentcmb	6,0,6,-1
dotaccentcmb.cap	6,0,6,-2
dieresiscmb	6,0,6,-2;4,0,12,-1,-1;4,6,18,-1,-1
dieresiscmb.cap	6,0,6,-2;4,0,12,-1,-1;4,6,18,-1,-1
ringcmb	6,12,0,-2;4,0,6,-2,-1;4,6,22,-2,-1
ringcmb.cap	6,0,12,-2;4,12,18,-2,-1;4,18,6,-2,-1
caroncmb	6,1,5,-2
caroncmb.cap	6,1,5,-2
commabelowcmb	6,9,3,-2
cedillacmb	6,0,18,-2;4,18,12,-2,-1;4,12,5,-2,-1
ogonekcmb	6,18,12,-2
