# Glyph name	TT hints
A	1,(305,680),4;2,(9,0),0;2,(395,0),0;4,(9,0),(9,28),0,-1;4,(9,0),(91,37),1,-1;4,(395,0),(502,37),1,-1;4,(502,37),(559,36),-1,-1;4,(395,0),(395,28),0,-1;4,(395,28),(652,28),-1,-1;14,(203,266),(305,680),(91,37),0;4,(203,266),(193,236),0,-1;4,(91,37),(128,37),-1,-1;4,(9,28),(220,28),-1,-1;4,(305,680),(313,606),-1,-1
B	1,(53,674),4;1,(312,674),4;2,(53,0),0;2,(315,0),0;6,(210,335),(210,365),0;4,(53,674),(155,638),1,-1;4,(53,674),(53,646),0,-1;14,(367,353),(210,335),(210,365),-1;4,(53,0),(53,28),0,-1;4,(53,0),(155,36),1,-1;4,(312,674),(212,642),0,-1;4,(315,0),(306,32),0,-1
C	1,(387,688),4;2,(387,-14),0;4,(387,-14),(388,20),0,-1;4,(387,688),(394,655),0,-1
D	1,(53,674),4;2,(53,0),0;4,(53,674),(155,638),1,-1;4,(53,674),(53,646),0,-1;4,(53,0),(53,28),-2,-1;4,(53,0),(155,36),1,-1;4,(155,36),(212,32),-1,-1;4,(155,638),(212,642),-1,-1
E	1,(536,674),4;1,(53,674),4;2,(53,0),0;2,(553,0),0;4,(536,674),(489,641),1,-1;4,(489,641),(155,638),-1,-1;4,(53,674),(53,646),0,-1;14,(210,326),(53,0),(53,674),-1;4,(210,326),(210,358),0,-1;4,(553,0),(505,33),1,-1;4,(53,0),(53,28),0,-1;4,(505,33),(155,36),-1,-1
F	1,(53,674),4;2,(53,0),0;6,(509,511),(433,454),0;4,(53,674),(155,638),1,-1;4,(53,674),(53,646),0,-1;4,(155,638),(212,641),-1,-1;14,(210,326),(53,0),(53,674),-1;4,(210,326),(210,358),0,-1;4,(210,326),(403,226),-2,-1;4,(53,0),(155,36),1,-1;4,(155,36),(212,36),-1,-1;4,(53,0),(53,28),0,-1;4,(53,28),(320,28),-1,-1
G	1,(390,688),4;2,(388,-14),0;6,(431,291),(431,319),0;4,(390,688),(395,655),1,-1;4,(388,-14),(394,20),1,-1;4,(431,319),(545,284),1,-1;4,(431,291),(673,291),-1,-1;4,(545,284),(603,285),-1,-1
H	1,(53,674),4;1,(479,674),4;2,(53,0),0;2,(479,0),0;6,(210,337),(210,368),0;4,(53,674),(155,638),1,-1;4,(53,674),(53,646),0,-1;4,(53,646),(314,646),-1,-1;4,(155,638),(212,638),-1,-1;4,(212,638),(580,638),-1,-1;4,(314,646),(479,646),-1,-1;4,(479,646),(740,646),-1,-1;4,(580,638),(638,638),-1,-1;4,(53,0),(155,36),1,-1;4,(155,36),(212,36),-1,-1;4,(212,36),(580,36),-1,-1;4,(580,36),(638,36),-1,-1;4,(53,0),(53,28),0,-1;4,(53,28),(314,28),-1,-1;4,(314,28),(479,28),-1,-1;4,(479,28),(740,28),-1,-1
I	1,(53,674),4;2,(53,0),0;4,(53,674),(155,638),1,-1;4,(53,674),(53,646),0,-1;4,(53,646),(314,646),-1,-1;4,(155,638),(212,638),-1,-1;4,(53,0),(155,36),1,-1;4,(155,36),(212,36),-1,-1;4,(53,0),(53,28),0,-1;4,(53,28),(314,28),-1,-1
J	1,(55,674),4;6,(33,-153),(92,-119),1;4,(55,674),(55,646),0,-1;4,(55,646),(326,646),-1,-1;4,(55,674),(166,638),1,-1;4,(166,638),(225,638),-1,-1;4,(92,-119),(12,-87),-2,-1
K	1,(53,674),4;1,(415,674),4;2,(53,0),0;2,(426,0),0;4,(53,674),(155,638),1,-1;4,(53,674),(53,646),0,-1;4,(53,646),(314,646),-1,-1;4,(155,638),(211,638),-1,-1;14,(209,267),(53,0),(53,674),-1;4,(211,638),(513,636),-1,-1;4,(314,646),(415,646),-1,-1;4,(415,646),(642,646),-1,-1;4,(513,636),(557,637),-1,-1;14,(366,407),(426,0),(415,674),-1;4,(53,0),(155,36),1,-1;4,(155,36),(211,36),-1,-1;4,(211,36),(520,36),-1,-1;4,(520,36),(578,36),-1,-1;4,(53,0),(53,28),0,-1;4,(53,28),(314,28),-1,-1;4,(314,28),(426,28),-1,-1;4,(426,28),(665,28),-1,-1;14,(332,366),(426,0),(415,674),-1;14,(209,218),(53,0),(53,674),-1
L	1,(53,674),4;2,(53,0),0;4,(53,674),(155,638),1,-1;4,(53,674),(53,646),0,-1;4,(53,646),(314,646),-1,-1;4,(155,638),(212,638),-1,-1;4,(53,0),(155,36),1,-1;4,(155,36),(212,33),-1,-1;4,(53,0),(53,28),0,-1
M	1,(38,674),4;1,(846,674),4;2,(44,0),0;2,(589,0),0;2,(418,0),0;4,(44,0),(44,28),0,-1;4,(44,0),(135,37),1,-1;4,(38,674),(135,638),1,-1;4,(38,674),(38,646),0,-1;14,(440,76),(418,0),(38,674),-1;4,(846,674),(846,646),0,-1;4,(846,674),(744,638),1,-1;4,(589,0),(688,36),1,-1;4,(688,36),(744,36),-1,-1;4,(589,0),(589,28),0,-1;4,(589,28),(846,28),-1,-1;14,(165,603),(38,674),(44,0),-1;4,(165,603),(691,602),-1,-1;4,(135,37),(170,37),-1,-1;4,(44,28),(264,28),-1,-1
N	1,(462,674),4;1,(41,674),4;2,(580,-7),0;2,(45,0),0;4,(45,0),(45,28),0,-1;4,(45,0),(133,37),1,-1;4,(41,674),(41,646),0,-1;14,(571,96),(462,674),(580,-7),-1;4,(462,674),(571,637),1,-1;4,(41,646),(462,646),-1,-1;4,(462,646),(694,646),-1,-1;4,(571,637),(605,637),-1,-1;14,(168,583),(45,0),(41,674),-1;4,(133,37),(168,37),-1,-1;4,(45,28),(278,28),-1,-1
O	1,(353,688),4;2,(353,-14),0;4,(353,-14),(353,20),0,-1;4,(353,688),(353,655),0,-1
P	1,(53,674),4;2,(53,0),0;4,(53,674),(155,638),1,-1;4,(53,674),(53,646),0,-1;14,(210,307),(53,0),(53,674),-1;4,(210,307),(210,277),0,-1;4,(53,0),(155,36),1,-1;4,(155,36),(212,36),-1,-1;4,(53,0),(53,28),0,-1;4,(53,28),(320,28),-1,-1;4,(155,638),(212,642),-1,-1
Q	1,(353,688),4;2,(322,-12),0;2,(376,-13),0;6,(495,-206),(510,-170),0;4,(376,-13),(353,20),0,-1;4,(353,688),(353,655),0,-1
R	1,(53,674),4;2,(314,0),0;2,(563,-7),0;2,(630,0),0;6,(210,314),(210,344),0;4,(53,674),(155,638),1,-1;4,(53,674),(53,646),0,-1;14,(382,322),(210,344),(210,314),-1;4,(563,-7),(630,28),1,-1;4,(630,28),(540,35),-1,-1;4,(314,0),(212,36),1,-1;4,(314,0),(314,28),0,-1;4,(314,28),(53,28),-1,-1;4,(212,36),(155,36),-1,-1;4,(155,638),(212,642),-1,-1
S	1,(273,688),4;2,(239,-14),0;4,(239,-14),(238,20),0,-1;4,(273,688),(272,655),0,-1;14,(231,327),(238,20),(272,655),-1;14,(280,369),(272,655),(238,20),-1
T	1,(29,674),4;2,(158,0),0;4,(29,674),(270,641),1,-1;4,(270,641),(327,641),-1,-1;4,(158,0),(270,36),1,-1;4,(270,36),(327,36),-1,-1;4,(158,0),(158,28),0,-1;4,(158,28),(439,28),-1,-1
U	1,(46,674),4;1,(453,674),4;2,(369,-14),0;4,(369,-14),(375,30),1,-1;4,(46,674),(137,638),1,-1;4,(137,638),(195,637),-1,-1;4,(195,637),(567,637),-1,-1;4,(46,674),(46,646),0,-1;4,(46,646),(301,646),-1,-1;4,(301,646),(453,646),-1,-1;4,(453,646),(690,646),-1,-1;4,(567,637),(601,637),-1,-1
V	1,(6,674),4;1,(420,674),4;2,(320,-7),0;4,(6,674),(93,638),1,-1;4,(6,674),(6,646),0,-1;4,(6,646),(257,644),-1,-1;4,(93,638),(151,637),-1,-1;14,(341,75),(420,674),(320,-7),-1;4,(151,637),(523,637),-1,-1;4,(257,644),(420,644),-1,-1;4,(420,644),(649,646),-1,-1;4,(523,637),(561,637),-1,-1
W	1,(374,674),4;1,(726,674),4;1,(13,674),4;2,(282,-7),0;2,(662,-7),0;4,(13,674),(103,638),1,-1;4,(13,674),(13,646),0,-1;4,(13,646),(258,646),-1,-1;4,(103,638),(159,637),-1,-1;14,(306,92),(282,-7),(374,674),-1;4,(159,637),(473,637),-1,-1;4,(258,646),(374,646),-1,-1;4,(374,646),(619,646),-1,-1;4,(473,637),(516,637),-1,-1;14,(681,90),(662,-7),(726,674),-1;4,(516,637),(823,637),-1,-1;4,(619,646),(726,646),-1,-1;4,(726,646),(954,646),-1,-1;4,(823,637),(859,637),-1,-1
X	1,(27,674),4;1,(384,674),4;2,(16,0),0;2,(376,0),0;4,(16,0),(16,28),0,-1;4,(16,0),(105,37),1,-1;4,(27,674),(116,638),1,-1;4,(27,674),(27,646),0,-1;4,(27,646),(277,646),-1,-1;4,(116,638),(176,638),-1,-1;14,(329,383),(105,37),(116,638),-1;4,(176,638),(483,637),-1,-1;4,(277,646),(384,646),-1,-1;4,(384,646),(613,646),-1,-1;4,(483,637),(522,637),-1,-1;4,(105,37),(146,37),-1,-1;4,(146,37),(476,36),-1,-1;4,(476,36),(536,36),-1,-1;4,(16,28),(245,28),-1,-1;4,(245,28),(376,28),-1,-1;4,(376,28),(626,28),-1,-1;14,(313,309),(105,37),(116,638),-1
Y	1,(24,674),4;1,(389,674),4;2,(177,0),0;4,(177,0),(177,28),0,-1;4,(177,0),(289,36),1,-1;4,(24,674),(106,638),1,-1;4,(24,674),(24,646),0,-1;4,(24,646),(271,646),-1,-1;4,(106,638),(167,638),-1,-1;14,(329,303),(289,36),(106,638),-1;4,(167,638),(492,637),-1,-1;4,(271,646),(389,646),-1,-1;4,(389,646),(615,646),-1,-1;4,(492,637),(528,637),-1,-1;4,(289,36),(347,36),-1,-1;4,(177,28),(459,28),-1,-1
Z	1,(507,674),4;2,(26,0),0;4,(26,0),(91,33),1,-1;4,(91,33),(26,26),-1,-1;4,(507,674),(444,641),1,-1;4,(444,641),(507,648),-1,-1
a	1,(243,485),0;2,(180,-13),0;2,(421,-12),0;4,(180,-13),(198,29),1,-1;14,(343,294),(180,-13),(243,485),-1;4,(343,294),(343,268),0,-1;4,(243,485),(233,454),0,-1;14,(96,340),(180,-13),(243,485),-1;4,(421,-12),(437,23),1,-1
b	1,(336,485),0;1,(163,745),5;2,(327,-13),0;2,(41,0),0;2,(170,-6),0;4,(41,0),(41,26),0,-1;4,(41,0),(125,35),1,-1;4,(163,745),(127,689),1,-1;4,(127,689),(39,719),0,-1;4,(327,-13),(321,24),0,-1;4,(336,485),(323,447),0,-1;14,(176,373),(336,485),(327,-13),-1;14,(176,95),(327,-13),(336,485),-1
c	1,(277,485),0;2,(270,-13),0;4,(277,485),(277,454),0,-1;4,(270,-13),(279,28),1,-1
d	1,(440,745),5;1,(262,485),0;2,(249,-13),0;2,(548,0),0;4,(249,-13),(260,24),1,-1;14,(402,65),(249,-13),(262,485),-1;4,(402,65),(402,100),0,-1;14,(403,411),(262,485),(249,-13),-1;4,(403,411),(402,380),0,-1;4,(262,485),(267,447),1,-1;4,(440,745),(403,689),1,-1;4,(403,689),(314,719),0,-1;4,(548,0),(451,35),1,-1;4,(548,0),(548,26),0,-1
e	1,(269,485),0;2,(271,-13),0;4,(269,485),(267,454),0,-1;4,(271,-13),(282,28),0,-1;14,(104,271),(269,485),(282,28),0;4,(104,271),(103,242),0,-1
f	1,(322,755),5;1,(177,472),0;2,(34,0),0;4,(177,472),(178,436),1,-1;4,(178,436),(128,436),-1,-1;4,(177,472),(128,474),-1,-1;4,(128,474),(34,466),-1,-1;4,(322,755),(283,727),0,-1;4,(34,0),(180,36),1,-1;4,(34,0),(34,26),0,-1;4,(34,26),(280,26),-1,-1;4,(180,36),(126,36),-1,-1
g	1,(239,485),0;2,(249,-243),1;2,(207,-9),0;6,(238,155),(237,183),0;4,(249,-243),(252,-210),0,-1;4,(207,-9),(152,-5),-1,-1;4,(207,-9),(200,39),1,-1;4,(239,485),(239,456),0,-1
h	1,(368,485),0;1,(163,745),5;2,(41,0),0;2,(357,0),0;4,(41,0),(125,36),1,-1;4,(125,36),(178,36),-1,-1;4,(178,36),(441,36),-1,-1;4,(441,36),(494,36),-1,-1;4,(41,0),(41,26),0,-1;4,(41,26),(255,26),-1,-1;4,(255,26),(357,26),-1,-1;4,(357,26),(571,26),-1,-1;4,(368,485),(349,439),1,-1;14,(176,347),(368,485),(41,0),-1;4,(163,745),(127,689),1,-1;4,(127,689),(39,719),0,-1
i	1,(168,482),0;1,(149,716),5;2,(43,0),0;4,(168,482),(149,627),-2,-1;4,(43,0),(43,26),0,-1;4,(43,0),(127,36),1,-1;4,(168,482),(127,420),1,-1;4,(127,420),(38,450),0,-1;4,(127,36),(180,36),-1,-1;4,(43,26),(257,26),-1,-1
j	1,(164,482),0;1,(146,716),5;2,(5,-253),1;4,(164,482),(146,627),-2,-1;4,(164,482),(123,420),1,-1;4,(123,420),(35,450),0,-1;4,(5,-253),(55,-219),1,-1
k	1,(293,472),0;1,(165,745),5;2,(39,0),0;2,(426,0),0;4,(165,745),(127,689),1,-1;4,(127,689),(39,719),0,-1;14,(176,226),(39,0),(293,472),-1;4,(293,472),(378,433),1,-1;4,(378,433),(425,436),-1,-1;14,(294,304),(426,0),(293,472),-1;4,(39,0),(125,36),1,-1;4,(125,36),(178,36),-1,-1;4,(178,36),(464,35),-1,-1;4,(39,0),(39,26),0,-1;4,(39,26),(259,26),-1,-1;4,(259,26),(540,26),-1,-1;14,(259,268),(426,0),(293,472),-1;14,(176,184),(39,0),(293,472),-1
l	1,(165,745),5;2,(33,0),0;4,(165,745),(127,689),1,-1;4,(127,689),(39,719),0,-1;4,(33,0),(125,36),1,-1;4,(125,36),(178,36),-1,-1;4,(33,0),(33,26),0,-1;4,(33,26),(268,26),-1,-1
m	1,(358,485),0;1,(656,485),0;1,(159,482),0;2,(42,0),0;2,(344,0),0;2,(646,0),0;4,(646,0),(730,36),1,-1;4,(730,36),(783,36),-1,-1;4,(646,0),(646,26),0,-1;4,(646,26),(860,26),-1,-1;4,(656,485),(640,439),1,-1;4,(344,0),(428,36),1,-1;4,(428,36),(481,36),-1,-1;4,(344,0),(344,26),0,-1;4,(344,26),(558,26),-1,-1;4,(358,485),(342,439),1,-1;4,(42,0),(126,36),1,-1;4,(126,36),(179,36),-1,-1;4,(42,0),(42,26),0,-1;4,(42,26),(256,26),-1,-1;4,(159,482),(125,420),1,-1;4,(125,420),(37,450),0,-1
n	1,(368,485),0;1,(159,482),0;2,(42,0),0;2,(356,0),0;4,(42,0),(126,36),1,-1;4,(126,36),(179,36),-1,-1;4,(179,36),(440,36),-1,-1;4,(440,36),(493,36),-1,-1;4,(42,0),(42,26),0,-1;4,(42,26),(256,26),-1,-1;4,(256,26),(356,26),-1,-1;4,(356,26),(570,26),-1,-1;4,(368,485),(349,439),1,-1;14,(177,348),(159,482),(42,0),-1;4,(159,482),(125,420),1,-1;4,(125,420),(37,450),0,-1;14,(176,382),(159,482),(42,0),-1
o	1,(271,485),0;2,(271,-13),0;4,(271,-13),(271,17),0,-1;4,(271,485),(271,454),0,-1
p	1,(336,485),0;1,(160,482),0;2,(326,-13),0;2,(276,-243),1;4,(336,485),(323,447),1,-1;4,(326,-13),(319,24),1,-1;4,(160,482),(125,420),1,-1;4,(125,420),(38,450),0,-1;14,(175,404),(336,485),(326,-13),-1;14,(176,58),(326,-13),(336,485),-1;4,(276,-243),(126,-207),1,-1;4,(126,-207),(178,-207),-1,-1;4,(276,-243),(276,-217),0,-1;4,(276,-217),(40,-217),-1,-1
q	1,(260,485),0;1,(438,479),0;2,(249,-13),0;2,(306,-243),1;4,(249,-13),(260,24),1,-1;4,(260,485),(267,447),1,-1;4,(306,-243),(455,-207),1,-1;4,(306,-243),(306,-217),0,-1;4,(306,-217),(542,-217),-1,-1;4,(455,-207),(403,-207),-1,-1;14,(405,69),(249,-13),(260,485),-1;14,(406,409),(260,485),(249,-13),-1
r	1,(159,482),0;1,(335,485),0;2,(43,0),0;4,(43,0),(43,26),0,-1;4,(43,0),(126,36),1,-1;4,(159,482),(125,420),1,-1;4,(125,420),(37,450),0,-1;4,(335,485),(297,444),1,-1;14,(177,299),(43,0),(335,485),-1;4,(126,36),(179,36),-1,-1;4,(43,26),(269,26),-1,-1
s	1,(225,485),0;2,(201,-13),0;4,(201,-13),(203,17),0,-1;14,(332,110),(201,-13),(225,485),-1;4,(225,485),(222,454),0,-1;14,(112,368),(201,-13),(225,485),-1
t	8,(167,615),0;1,(113,473),0;1,(162,472),0;2,(214,-13),0;4,(214,-13),(226,22),0,-1;4,(113,473),(112,436),0,-1;4,(112,436),(161,436),-1,-1
u	1,(470,476),0;1,(157,476),0;2,(245,-13),0;2,(430,-7),0;2,(551,0),0;4,(157,476),(115,431),1,-1;4,(115,431),(33,468),1,-1;4,(245,-13),(262,32),1,-1;4,(470,476),(428,431),1,-1;4,(428,431),(347,468),1,-1;4,(430,-7),(476,35),1,-1;4,(551,0),(551,26),0,-1
v	1,(-6,472),0;1,(307,472),0;2,(237,-6),0;4,(-6,472),(61,437),1,-1;4,(-6,472),(-6,444),0,-1;4,(-6,444),(206,444),-1,-1;4,(61,437),(120,436),-1,-1;14,(260,61),(237,-6),(307,472),-1;4,(120,436),(394,435),-1,-1;4,(206,444),(307,444),-1,-1;4,(307,444),(493,444),-1,-1;4,(394,435),(429,436),-1,-1
w	1,(-3,472),0;1,(294,472),0;1,(573,472),0;2,(218,-6),0;2,(526,-6),0;4,(-3,472),(63,436),1,-1;4,(-3,472),(-3,444),0,-1;4,(-3,444),(204,444),-1,-1;4,(63,436),(119,436),-1,-1;14,(239,72),(218,-6),(294,472),-1;4,(119,436),(369,436),-1,-1;4,(204,444),(294,444),-1,-1;4,(294,444),(492,444),-1,-1;4,(369,436),(416,436),-1,-1;14,(546,72),(526,-6),(573,472),-1;4,(416,436),(659,435),-1,-1;4,(492,444),(573,444),-1,-1;4,(573,444),(756,444),-1,-1;4,(659,435),(695,435),-1,-1
x	1,(17,472),0;1,(311,472),0;2,(10,0),0;2,(292,0),0;4,(10,0),(10,26),0,-1;4,(10,26),(193,26),-1,-1;4,(10,0),(77,35),0,-1;14,(248,209),(292,0),(311,472),-1;4,(248,209),(231,233),-1,-1;4,(17,472),(87,436),1,-1;4,(17,472),(17,444),0,-1;4,(17,444),(215,444),-1,-1;4,(87,436),(142,436),-1,-1;14,(262,267),(311,472),(292,0),-1;4,(142,436),(386,435),-1,-1;4,(215,444),(311,444),-1,-1;4,(311,444),(491,444),-1,-1;4,(386,435),(426,436),-1,-1;4,(262,267),(279,244),-1,-1;4,(77,35),(118,35),-1,-1;4,(118,35),(370,35),-1,-1;4,(370,35),(429,35),-1,-1;4,(193,26),(292,26),-1,-1;4,(292,26),(500,26),-1,-1
y	1,(-7,472),0;1,(312,472),0;2,(67,-253),1;4,(67,-253),(103,-214),1,-1;14,(237,-15),(67,-253),(-7,472),-1;4,(-7,472),(60,439),1,-1;4,(-7,472),(-7,446),0,-1;4,(-7,446),(205,445),-1,-1;4,(60,439),(117,437),-1,-1;4,(237,-15),(261,50),-2,-1;4,(117,437),(400,437),-1,-1;4,(312,472),(312,446),0,-1;4,(312,446),(500,446),-1,-1;4,(400,437),(438,438),-1,-1
z	1,(407,472),0;2,(44,0),0;4,(407,472),(348,443),0,-1;4,(348,443),(407,446),-1,-1;4,(44,0),(103,29),0,-1;4,(103,29),(44,26),-1,-1
AE	1,(338,674),4;2,(363,0),0;2,(220,0),0;4,(363,0),(363,28),0,-1;4,(363,28),(220,28),-1,-1;4,(220,28),(9,28),-1,-1;4,(363,0),(520,33),1,-1;4,(520,33),(463,36),-1,-1;4,(463,36),(131,37),-1,-1;4,(131,37),(92,37),-1,-1;4,(338,674),(520,641),1,-1;4,(520,641),(464,636),-1,-1;4,(464,636),(414,639),-1,-1;4,(338,674),(338,646),0,-1;14,(518,326),(220,0),(338,674),-1;4,(518,326),(518,358),0,-1;14,(464,258),(220,0),(338,674),-1;4,(464,258),(464,289),0,-1
Hbar	1,(53,674),4;1,(479,674),4;2,(53,0),0;2,(479,0),0;6,(582,487),(582,519),1;6,(582,317),(582,348),1;4,(582,487),(156,487),-1,-1;4,(582,519),(35,519),-1,-1;4,(53,674),(155,638),1,-1;4,(53,674),(53,646),0,-1;4,(53,646),(314,646),-1,-1;4,(155,638),(212,638),-1,-1;4,(479,674),(580,638),1,-1;4,(479,674),(479,646),0,-1;4,(479,646),(740,646),-1,-1;4,(580,638),(638,638),-1,-1;4,(582,519),(636,519),-1,-1;4,(582,487),(758,487),-1,-1;4,(479,0),(580,36),1,-1;4,(580,36),(638,36),-1,-1;4,(479,0),(479,28),0,-1;4,(479,28),(740,28),-1,-1;4,(53,0),(155,36),1,-1;4,(155,36),(212,36),-1,-1;4,(53,0),(53,28),0,-1;4,(53,28),(314,28),-1,-1
Lslash	1,(53,675),4;2,(53,1),0;14,(210,309),(53,1),(53,675),-1;4,(53,1),(155,37),1,-1;4,(155,37),(212,34),-1,-1;4,(53,1),(53,29),0,-1;4,(210,309),(156,281),-1,-1;4,(210,309),(210,349),1,-1;4,(210,349),(156,320),-1,-1;4,(53,675),(155,639),1,-1;4,(53,675),(53,647),0,-1;4,(53,647),(314,647),-1,-1;4,(155,639),(212,639),-1,-1
Oslash	1,(612,694),4;1,(353,688),4;2,(91,-18),0;2,(353,-14),0;4,(353,-14),(353,20),0,-1;4,(353,688),(353,655),0,-1;14,(167,135),(353,20),(353,655),-1;14,(537,544),(353,655),(353,20),-1
OE	1,(383,688),4;1,(499,674),4;2,(383,-14),0;2,(499,0),0;4,(383,-14),(386,20),1,-1;4,(499,0),(532,33),0,-1;4,(532,33),(474,31),-1,-1;4,(499,674),(532,641),0,-1;4,(532,641),(474,644),-1,-1;4,(383,688),(386,655),0,-1;14,(530,326),(499,0),(499,674),-1;4,(530,326),(530,358),0,-1
Germandbls	1,(402,688),4;2,(483,-14),0;2,(53,0),0;6,(574,640),(574,622),0;4,(53,0),(53,28),0,-1;4,(53,0),(155,36),1,-1;14,(473,471),(402,688),(483,-14),-1;4,(483,-14),(481,18),0,-1;14,(605,139),(483,-14),(402,688),-1;14,(543,629),(574,640),(574,622),-1;4,(402,688),(403,655),0,-1
Uogonek	1,(46,674),4;1,(453,674),4;2,(372,-14),0;6,(468,-219),(487,-183),-2;4,(46,674),(46,646),0,-1;4,(46,646),(301,646),-1,-1;4,(46,674),(137,638),1,-1;4,(137,638),(195,637),-1,-1;4,(372,-14),(373,30),0,-1;4,(195,637),(567,637),-1,-1;4,(301,646),(453,646),-1,-1;4,(453,646),(690,646),-1,-1;4,(567,637),(601,637),-1,-1;14,(499,19),(373,30),(372,-14),-1
Uhorn	1,(46,674),4;1,(453,674),4;2,(369,-14),0;4,(369,-14),(375,30),1,-1;4,(453,674),(567,637),1,-1;4,(453,674),(453,646),0,-1;4,(46,674),(137,638),1,-1;4,(46,674),(46,646),0,-1;4,(137,638),(195,637),-1,-1
Eth	1,(53,674),4;2,(53,0),0;14,(210,361),(53,0),(53,674),-1;4,(210,361),(210,329),0,-1;4,(53,0),(155,36),1,-1;4,(155,36),(212,32),-1,-1;4,(53,674),(155,638),1,-1;4,(155,638),(212,642),-1,-1;4,(53,0),(53,28),0,-1;4,(210,329),(156,329),-1,-1;4,(210,361),(156,361),-1,-1;4,(53,674),(53,646),0,-1
Thorn	1,(53,674),4;2,(53,0),0;4,(53,674),(155,638),1,-1;4,(53,674),(53,646),0,-1;4,(53,646),(319,646),-1,-1;4,(155,638),(212,638),-1,-1;14,(211,540),(53,674),(53,0),-1;14,(211,167),(53,0),(53,674),-1;4,(53,0),(155,36),1,-1;4,(155,36),(212,36),-1,-1;4,(53,0),(53,28),0,-1;4,(53,28),(319,28),-1,-1;4,(211,167),(210,199),0,-1;4,(211,540),(211,508),0,-1
Schwa	1,(308,688),4;2,(328,-14),0;6,(542,328),(542,360),1;4,(308,688),(298,650),1,-1;4,(328,-14),(330,20),0,-1
aogonek	1,(243,485),0;2,(180,-13),0;2,(420,-10),0;6,(420,-217),(440,-180),1;14,(343,266),(180,-13),(243,485),-1;4,(343,266),(343,292),0,-1;4,(243,485),(233,454),0,-1;14,(97,338),(180,-13),(243,485),-1;4,(420,-10),(434,24),1,-1;4,(180,-13),(198,29),1,-1
ae	1,(558,485),0;1,(243,485),0;2,(183,-13),0;2,(560,-13),0;6,(393,241),(394,271),0;4,(183,-13),(201,29),1,-1;4,(393,241),(341,267),-1,-1;4,(394,271),(343,293),-1,-1;4,(243,485),(234,454),0,-1;14,(97,338),(183,-13),(243,485),-1;4,(560,-13),(572,28),1,-1;4,(558,485),(556,454),0,-1
dcroat	1,(440,745),5;1,(260,472),0;2,(249,-13),0;2,(404,-8),0;2,(548,0),0;6,(403,566),(403,599),0;4,(440,745),(403,689),1,-1;4,(403,689),(314,719),0,-1;4,(403,599),(451,599),-1,-1;4,(403,566),(451,566),-1,-1;4,(548,0),(548,26),0,-1;4,(548,26),(451,35),-1,-1;4,(249,-13),(260,24),1,-1;14,(402,100),(249,-13),(260,472),-1;14,(402,367),(260,472),(249,-13),-1;4,(260,472),(268,434),1,-1
eogonek	1,(268,485),0;2,(271,-13),0;6,(347,-217),(368,-180),1;6,(103,242),(104,271),0;4,(271,-13),(282,28),1,-1;4,(268,485),(266,454),0,-1
hbar	8,(368,464),0;1,(163,745),5;2,(41,0),0;2,(357,0),0;6,(175,599),(175,566),0;4,(175,599),(127,599),-1,-1;4,(163,745),(127,689),1,-1;4,(127,689),(39,719),0,-1;14,(176,327),(41,0),(163,745),-1;4,(176,327),(175,360),0,-1;4,(357,0),(441,36),1,-1;4,(441,36),(494,36),-1,-1;4,(357,0),(357,26),0,-1;4,(357,26),(571,26),-1,-1;4,(368,464),(349,419),1,-1;4,(41,0),(125,36),1,-1;4,(125,36),(178,36),-1,-1;4,(41,0),(41,26),0,-1;4,(41,26),(255,26),-1,-1;4,(175,566),(127,566),-1,-1
dotlessi	1,(169,482),0;2,(43,0),0;4,(43,0),(43,26),0,-1;4,(43,0),(127,36),0,-1;4,(169,482),(126,420),1,-1;4,(126,420),(38,450),0,-1;4,(127,36),(180,36),-1,-1;4,(43,26),(257,26),-1,-1
dotlessj	1,(164,479),0;2,(9,-253),1;4,(164,479),(123,418),1,-1;4,(123,418),(35,448),0,-1;4,(9,-253),(52,-217),1,-1
kgreenlandic	1,(293,469),0;1,(168,479),0;2,(42,0),0;2,(542,0),0;4,(42,0),(42,26),0,-1;4,(42,0),(126,36),1,-1;4,(168,479),(125,418),1,-1;4,(125,418),(37,448),0,-1;14,(177,184),(42,0),(168,479),-1;4,(177,184),(177,225),1,-1;4,(293,469),(379,430),1,-1;4,(293,469),(293,442),0,-1;4,(293,442),(518,442),-1,-1;4,(379,430),(425,433),-1,-1;4,(542,0),(542,26),0,-1;4,(126,36),(179,36),-1,-1;4,(42,26),(256,26),-1,-1
ldot	1,(165,745),5;2,(33,0),0;6,(313,351),(313,262),-1;4,(165,745),(127,689),1,-1;4,(127,689),(39,719),0,-1;4,(33,0),(125,36),0,-1;4,(125,36),(178,36),-1,-1;4,(33,0),(33,26),0,-1;4,(33,26),(268,26),-1,-1
lslash	1,(165,745),5;2,(33,0),0;4,(33,0),(33,26),0,-1;4,(165,745),(127,689),1,-1;4,(127,689),(39,719),0,-1
ohorn	1,(271,485),0;2,(271,-13),0;4,(271,-13),(271,17),0,-1;4,(271,485),(271,454),0,-1
oslash	1,(271,485),0;2,(271,-13),0;14,(152,70),(271,-13),(271,485),-1;4,(152,70),(135,96),0,-1;14,(384,405),(271,485),(271,-13),-1;4,(271,485),(271,454),0,-1;4,(271,-13),(271,17),0,-1;4,(384,405),(402,380),0,-1
oe	1,(271,485),0;1,(650,485),0;2,(271,-13),0;2,(652,-13),0;6,(486,241),(487,271),0;4,(271,485),(271,454),0,-1;4,(271,-13),(271,17),0,-1;14,(462,110),(271,-13),(271,485),-1;14,(464,356),(271,-13),(271,485),-1;4,(652,-13),(664,28),1,-1;4,(650,485),(648,454),0,-1
longs	1,(318,755),5;2,(30,0),0;4,(318,755),(279,727),0,-1;4,(30,0),(121,36),1,-1;4,(121,36),(176,36),-1,-1;4,(121,36),(30,26),-1,-1;4,(30,26),(275,26),-1,-1
germandbls	1,(347,755),5;2,(388,-13),0;2,(30,0),0;14,(406,484),(347,755),(388,-13),-1;14,(421,270),(388,-13),(347,755),-1;4,(388,-13),(389,17),0,-1;14,(396,226),(388,-13),(347,755),-1;14,(373,496),(347,755),(388,-13),-1;4,(347,755),(339,725),0,-1;4,(30,0),(121,36),1,-1;4,(121,36),(30,26),-1,-1
uogonek	1,(470,476),0;1,(157,476),0;2,(245,-13),0;2,(551,0),0;2,(478,-4),0;2,(430,-7),0;2,(505,-3),0;6,(481,-219),(502,-183),1;4,(157,476),(115,431),1,-1;4,(115,431),(33,468),1,-1;4,(245,-13),(262,32),1,-1;4,(470,476),(428,431),1,-1;4,(428,431),(347,468),1,-1;4,(551,0),(476,35),1,-1;4,(476,35),(551,26),-1,-1
uhorn	1,(157,476),0;1,(470,476),0;2,(245,-13),0;2,(430,-7),0;2,(551,0),0;4,(157,476),(115,431),1,-1;4,(115,431),(33,468),1,-1;4,(245,-13),(262,32),1,-1;4,(470,476),(428,431),1,-1;4,(428,431),(347,468),1,-1;4,(430,-7),(476,35),1,-1;4,(551,0),(551,26),0,-1
eth	1,(164,755),5;1,(266,472),0;2,(264,-13),0;6,(307,615),(285,637),0;14,(428,373),(264,-13),(164,755),-1;4,(164,755),(149,731),0,-1;4,(285,637),(319,654),-1,-1;4,(307,615),(341,633),-1,-1;4,(264,-13),(268,17),0,-1;4,(266,472),(268,441),0,-1
thorn	1,(326,485),0;1,(155,745),5;2,(317,-13),0;2,(30,-243),1;4,(326,485),(313,447),0,-1;14,(168,375),(326,485),(317,-13),-1;14,(168,93),(317,-13),(326,485),-1;4,(317,-13),(311,24),0,-1;4,(30,-243),(117,-207),0,-1;4,(155,745),(119,689),1,-1;4,(119,689),(31,719),0,-1;4,(117,-207),(169,-207),-1,-1
schwa	1,(234,485),0;2,(246,-13),0;6,(398,225),(397,254),0;4,(234,485),(223,444),1,-1;4,(246,-13),(247,17),0,-1
f_i	1,(34,466),0;1,(486,482),0;1,(128,474),0;1,(498,474),0;1,(355,755),5;1,(178,472),0;2,(574,0),0;2,(280,0),0;4,(280,0),(180,36),1,-1;4,(180,36),(280,26),-1,-1;4,(280,26),(34,26),-1,-1;4,(180,36),(126,36),-1,-1;4,(178,472),(178,436),1,-1;4,(178,436),(128,436),-1,-1;4,(128,436),(34,436),-1,-1;4,(355,755),(354,729),0,-1;4,(574,0),(497,36),1,-1;4,(497,36),(574,26),-1,-1;4,(574,26),(360,26),-1,-1;4,(497,36),(444,36),-1,-1;4,(486,482),(443,436),1,-1
f_l	1,(356,755),5;1,(34,466),0;1,(178,472),0;1,(128,474),0;1,(472,745),5;2,(335,0),0;4,(126,36),(34,26),-1,-1;4,(128,474),(128,436),1,-1;4,(126,36),(180,36),-1,-1;4,(180,36),(427,36),-1,-1;4,(427,36),(480,36),-1,-1;4,(34,26),(280,26),-1,-1;4,(280,26),(335,26),-1,-1;4,(335,26),(570,26),-1,-1;4,(356,755),(336,728),0,-1;4,(178,472),(178,436),1,-1
f_t	1,(322,755),5;1,(128,474),0;1,(466,472),0;2,(34,0),0;2,(518,-13),0;4,(466,472),(465,436),1,-1;4,(465,436),(416,436),-1,-1;4,(34,0),(126,36),1,-1;4,(126,36),(180,36),-1,-1;4,(34,0),(34,26),0,-1;4,(34,26),(280,26),-1,-1;4,(128,474),(128,436),1,-1;4,(128,436),(34,466),0,-1;4,(322,755),(283,727),0,-1;4,(466,472),(417,472),-1,-1;4,(518,-13),(530,22),1,-1
ampersand	1,(266,688),4;2,(248,-13),0;2,(611,-8),0;2,(671,-1),0;6,(481,424),(481,396),0;14,(216,364),(248,-13),(266,688),-1;4,(216,364),(199,383),-1,-1;4,(199,383),(239,402),-1,-1;4,(266,688),(266,662),0,-1;4,(248,-13),(258,26),1,-1;14,(444,107),(248,-13),(216,364),-1;4,(216,364),(255,384),-1,-1;4,(481,424),(564,387),1,-1;4,(481,396),(672,396),-1,-1;4,(564,387),(599,387),-1,-1;4,(611,-8),(674,25),0,-1
zero	1,(247,664),3;2,(247,-13),0;4,(247,-13),(247,17),0,-1;4,(247,664),(247,634),0,-1
one	1,(274,660),3;2,(79,0),0;4,(274,660),(235,607),1,-1;4,(235,607),(88,610),-1,-1;4,(79,0),(233,39),0,-1;4,(233,39),(286,38),-1,-1;4,(79,0),(79,26),0,-1;4,(79,26),(434,26),-1,-1;4,(88,610),(88,582),0,-1
zero.slash	1,(247,664),3;2,(247,-13),0;14,(108,67),(247,-13),(247,664),-1;4,(108,67),(92,94),-1,-1;14,(388,580),(247,-13),(247,664),-1;4,(388,580),(403,553),-1,-1;4,(92,94),(125,143),-1,-1;4,(403,553),(370,502),-1,-1;4,(370,502),(358,536),-1,-1;4,(247,664),(247,634),0,-1;4,(247,-13),(247,17),0,-1;4,(108,67),(136,110),-1,-1
zero.lf	1,(250,664),3;2,(250,-13),0;4,(250,-13),(250,17),0,-1;4,(250,664),(250,634),0,-1
one.lf	1,(256,660),3;2,(79,0),0;4,(256,660),(217,607),1,-1;4,(217,607),(74,610),-1,-1;4,(79,0),(215,38),0,-1;4,(215,38),(268,38),-1,-1;4,(79,0),(79,26),0,-1;4,(79,26),(395,26),-1,-1;4,(74,610),(74,582),0,-1
two.lf	1,(248,664),3;2,(460,0),0;4,(460,0),(107,49),-2,-1;4,(107,49),(61,39),-1,-1;4,(248,664),(236,634),0,-1
three.lf	1,(240,664),3;2,(229,-13),0;6,(164,325),(164,358),1;4,(240,664),(232,634),0,-1;14,(277,342),(164,358),(164,325),-1;4,(229,-13),(220,17),0,-1
four.lf	1,(333,659),3;2,(317,0),0;6,(317,210),(317,250),1;4,(317,210),(366,210),-1,-1;4,(317,250),(73,250),-1,-1;4,(73,250),(32,242),-1,-1;4,(317,250),(366,250),-1,-1;14,(317,590),(333,659),(317,0),-1
five.lf	1,(115,651),3;2,(223,-13),0;6,(229,370),(240,406),1;4,(223,-13),(218,17),0,-1;4,(115,651),(144,602),-2,-1
six.lf	1,(437,664),3;2,(261,-13),0;6,(266,359),(277,396),1;4,(437,664),(442,642),1,-1;4,(261,-13),(263,17),0,-1;14,(113,284),(437,664),(261,-13),-1
seven.lf	1,(439,651),3;2,(193,0),0;4,(439,651),(398,602),-2,-1;4,(398,602),(439,619),-1,-1
eight.lf	1,(252,664),3;2,(251,-13),0;14,(209,326),(251,-13),(252,664),-1;14,(287,342),(251,-13),(252,664),-1;4,(287,342),(262,354),-1,-1;4,(252,664),(251,634),0,-1;4,(251,-13),(251,17),0,-1;4,(209,326),(235,314),-1,-1
nine.lf	1,(252,664),3;2,(99,-16),0;4,(99,-16),(91,9),0,-1;14,(247,263),(99,-16),(252,664),-1;4,(247,263),(261,299),1,-1;4,(252,664),(249,634),0,-1
zero.lfslash	1,(250,664),3;2,(250,-13),0;14,(108,63),(250,-13),(250,664),-1;4,(108,63),(91,90),-1,-1;14,(393,586),(250,664),(250,-13),-1;4,(393,586),(409,560),-1,-1;4,(108,63),(136,106),-1,-1;4,(136,106),(124,139),-1,-1;4,(409,560),(376,510),-1,-1;4,(376,510),(365,543),-1,-1;4,(250,664),(250,634),0,-1;4,(250,-13),(250,17),0,-1
zero.tosf	1,(247,544),1;2,(247,-13),0;4,(247,-13),(247,17),0,-1;4,(247,544),(247,514),0,-1
one.tosf	1,(270,540),1;2,(76,0),0;4,(270,540),(232,489),1,-1;4,(232,489),(81,489),-1,-1;4,(76,0),(230,39),0,-1;4,(230,39),(283,38),-1,-1;4,(76,0),(76,26),0,-1;4,(76,26),(430,26),-1,-1;4,(81,489),(81,461),0,-1
zero.osf	1,(272,544),1;2,(272,-13),0;4,(272,-13),(272,17),0,-1;4,(272,544),(272,514),0,-1
one.osf	1,(260,540),1;2,(86,0),0;4,(260,540),(221,485),1,-1;4,(221,485),(74,486),-1,-1;4,(86,0),(219,38),0,-1;4,(219,38),(272,38),-1,-1;4,(86,0),(86,26),0,-1;4,(86,26),(399,26),-1,-1;4,(74,486),(74,458),0,-1
two.osf	1,(249,544),1;2,(58,0),0;4,(58,0),(114,49),1,-1;4,(114,49),(58,39),-1,-1;4,(249,544),(242,514),0,-1
zero.cap	1,(247,687),4;2,(247,-13),0;4,(247,-13),(247,17),0,-1;4,(247,687),(247,657),0,-1
one.cap	1,(274,683),4;2,(79,0),0;4,(274,683),(235,630),1,-1;4,(235,630),(88,633),-1,-1;4,(79,0),(233,39),0,-1;4,(233,39),(286,38),-1,-1;4,(79,0),(79,26),0,-1;4,(79,26),(434,26),-1,-1;4,(88,633),(88,604),0,-1
two.cap	1,(236,687),4;2,(448,0),0;4,(448,0),(94,49),-2,-1;4,(94,49),(49,39),-1,-1;4,(236,687),(224,657),0,-1
three.cap	1,(239,687),4;2,(229,-13),0;6,(163,338),(163,371),1;4,(239,687),(232,657),0,-1;14,(276,355),(163,371),(163,338),-1;4,(229,-13),(219,17),0,-1
four.cap	1,(331,683),4;2,(315,0),0;6,(315,223),(315,263),1;4,(315,223),(364,223),-1,-1;4,(315,263),(70,263),-1,-1;4,(70,263),(30,255),-1,-1;4,(315,263),(364,263),-1,-1;14,(315,613),(331,683),(315,0),-1
five.cap	1,(109,674),4;2,(216,-13),0;6,(222,381),(234,418),1;4,(216,-13),(211,17),0,-1;4,(109,674),(138,625),-2,-1
six.cap	1,(427,687),4;2,(251,-13),0;6,(256,371),(267,408),1;4,(427,687),(431,665),1,-1;14,(103,297),(427,687),(251,-13),-1;4,(103,297),(105,330),0,-1;4,(251,-13),(253,17),0,-1
seven.cap	1,(439,674),4;2,(194,0),0;4,(439,674),(399,625),-2,-1;4,(399,625),(439,642),-1,-1
eight.cap	1,(247,687),4;2,(245,-13),0;14,(230,327),(245,-13),(247,687),-1;4,(230,327),(203,339),-1,-1;14,(256,366),(247,687),(245,-13),-1;4,(256,366),(281,355),-1,-1;4,(247,687),(246,657),0,-1;4,(245,-13),(246,17),0,-1
nine.cap	1,(239,687),4;2,(85,-15),0;6,(234,274),(248,311),1;4,(85,-15),(78,10),0,-1;14,(376,336),(85,-15),(239,687),-1;4,(376,336),(381,373),1,-1;4,(239,687),(236,657),0,-1
period	2,(150,-11),0;4,(150,-11),(150,82),-2,-1
comma	2,(132,-7),0;4,(132,-7),(144,82),-2,-1
exclam	1,(132,692),4;2,(132,-11),0;4,(132,-11),(132,76),-2,-1;4,(132,76),(120,189),-2,-1
question	1,(108,693),4;2,(140,-11),0;6,(205,330),(183,369),1;4,(140,-11),(140,76),-2,-1;4,(140,76),(154,189),1,-1;4,(108,693),(123,615),1,-1
trademark	8,(545,380),0;1,(20,674),4;1,(306,674),4;1,(589,674),4;14,(486,445),(545,380),(589,674),-1;4,(20,674),(49,650),0,-1;4,(49,650),(163,650),-1,-1;4,(163,650),(306,653),-1,-1;4,(306,653),(626,649),-1,-1;4,(545,380),(482,380),-1,-1;4,(482,380),(406,380),-1,-1;4,(406,380),(208,380),-1,-1
servicemark	8,(513,380),0;1,(146,681),4;1,(274,674),4;1,(557,674),4;14,(454,444),(513,380),(557,674),-1;4,(146,681),(147,660),0,-1;4,(147,660),(274,653),-1,-1;4,(274,653),(594,649),-1,-1;4,(513,380),(450,380),-1,-1;4,(450,380),(373,380),-1,-1;4,(373,380),(131,372),-1,-1;4,(131,372),(131,393),0,-1;14,(198,444),(131,372),(146,681),-1;14,(87,612),(146,681),(131,372),-1
at	1,(462,468),0;1,(472,650),3;6,(386,-155),(397,-127),0;6,(343,50),(359,88),1;4,(462,468),(454,436),0,-1;4,(472,650),(466,621),0,-1;4,(343,50),(565,50),-1,-1;4,(359,88),(578,80),-1,-1
at.cap	6,(343,124),(359,162),1;6,(454,510),(462,542),0;6,(472,724),(466,695),0;6,(386,-81),(397,-53),0;4,(343,124),(565,124),-1,-1;4,(359,162),(578,154),-1,-1
zero.sups	8,(177,424),0;8,(177,836),0;4,(177,424),(177,448),0,-1;4,(177,836),(177,811),0,-1
one.sups	8,(68,433),0;8,(200,835),0;4,(200,835),(165,789),1,-1;4,(165,789),(77,804),-1,-1;4,(68,433),(165,465),1,-1;4,(165,465),(209,465),-1,-1;4,(68,433),(68,454),0,-1;4,(68,454),(302,454),-1,-1;4,(77,804),(77,778),0,-1
two.sups	8,(52,433),0;8,(176,836),0;4,(52,433),(97,478),1,-1;4,(97,478),(52,467),-1,-1;4,(176,836),(161,811),0,-1
three.sups	8,(175,836),0;8,(170,424),0;6,(124,626),(124,654),0;4,(175,836),(165,811),0,-1;14,(209,641),(124,654),(124,626),-1;4,(170,424),(159,448),0,-1
four.sups	8,(210,433),0;8,(223,833),0;6,(210,586),(210,549),1;4,(210,586),(65,586),-1,-1;4,(65,586),(32,580),-1,-1;4,(210,586),(252,586),-1,-1;4,(210,549),(252,549),-1,-1;14,(210,781),(223,833),(210,433),-1
five.sups	8,(162,424),0;8,(89,827),0;6,(159,648),(170,680),0;4,(162,424),(158,448),0,-1;4,(89,827),(111,780),1,-1
six.sups	8,(185,424),0;8,(293,837),0;6,(186,643),(197,674),0;4,(293,837),(297,818),0,-1;4,(185,424),(186,448),0,-1
seven.sups	8,(302,827),0;8,(147,433),0;4,(302,827),(266,780),1,-1;4,(266,780),(302,798),-1,-1
eight.sups	8,(177,424),0;8,(181,836),0;14,(162,618),(177,424),(181,836),-1;4,(162,618),(141,627),-1,-1;14,(191,653),(177,424),(181,836),-1;4,(191,653),(212,643),-1,-1;4,(181,836),(179,811),0,-1;4,(177,424),(178,448),0,-1
nine.sups	8,(176,836),0;8,(81,423),0;4,(81,423),(75,444),0,-1;4,(176,836),(174,811),0,-1;14,(171,590),(81,423),(174,811),-1;4,(171,590),(184,621),0,-1
a.sups	8,(116,423),0;1,(166,755),5;6,(222,608),(222,627),-2;4,(116,423),(133,456),0,-1;4,(133,456),(289,453),-1,0;4,(116,423),(278,426),-1,0;4,(166,755),(153,731),0,-1;14,(64,654),(116,423),(166,755),-1
b.sups	8,(108,913),0;8,(217,423),0;1,(223,755),5;4,(217,423),(211,454),0,-1;14,(118,471),(217,423),(211,454),-1;4,(217,423),(113,426),-1,0;4,(211,454),(77,461),-1,0;4,(108,913),(77,868),1,-1;4,(77,868),(20,893),0,-1;4,(223,755),(214,723),0,-1
c.sups	8,(181,423),0;1,(187,755),5;4,(187,755),(188,730),0,-1;4,(181,423),(191,458),1,-1
d.sups	8,(300,913),0;8,(165,423),0;1,(176,755),5;6,(371,433),(310,461),0;4,(165,423),(177,454),0,-1;4,(176,755),(181,723),0,-1;4,(165,423),(273,427),-1,0;4,(300,913),(268,868),1,-1;4,(268,868),(211,893),0,-1
e.sups	8,(183,423),0;1,(181,755),5;6,(77,590),(78,614),0;4,(183,423),(192,458),1,-1;4,(181,755),(180,730),0,-1
f.sups	8,(222,926),0;8,(23,433),0;1,(125,743),5;1,(24,738),5;1,(83,744),5;4,(23,433),(191,454),0,-1;4,(191,454),(23,454),-1,-1;4,(23,433),(83,462),0,-1;4,(125,743),(223,713),0,-1;4,(223,713),(83,713),-1,-1;4,(83,713),(24,713),-1,-1;4,(222,926),(190,903),0,-1;4,(83,462),(125,462),-1,-1
g.sups	1,(159,753),5;1,(316,750),5;1,(154,467),0;1,(51,489),0;6,(164,275),(167,300),0;6,(257,710),(241,727),0;6,(159,538),(159,559),0;4,(154,467),(146,422),1,-1;4,(316,750),(326,710),0,-1;14,(86,434),(154,467),(146,422),-1;14,(92,554),(159,538),(159,559),-1;4,(159,753),(160,732),0,-1
h.sups	8,(109,913),0;8,(22,433),0;1,(243,755),5;4,(22,433),(77,462),0,-1;4,(77,462),(119,462),-1,-1;4,(119,462),(287,462),-1,-1;4,(287,462),(329,462),-1,-1;4,(22,433),(22,454),0,-1;4,(22,454),(169,454),-1,-1;4,(169,454),(232,454),-1,-1;4,(232,454),(379,454),-1,-1;4,(22,433),(232,433),-1,-1;4,(243,755),(227,717),1,-1;4,(109,913),(77,868),1,-1;4,(77,868),(20,893),0,-1
i.sups	8,(174,433),0;1,(115,752),5;4,(115,752),(100,836),1,-1;4,(100,836),(100,905),-2,-1;4,(174,433),(174,454),0,-1;4,(174,454),(26,454),-1,-1;4,(174,433),(123,462),0,-1;4,(123,462),(81,462),-1,-1;4,(115,752),(81,700),1,-1;4,(81,700),(23,725),0,-1
j.sups	8,(7,269),0;1,(114,751),5;4,(114,751),(99,836),1,-1;4,(99,836),(99,905),1,-1;4,(114,751),(80,702),1,-1;4,(80,702),(22,725),0,-1;4,(7,269),(38,296),0,-1
k.sups	8,(355,433),0;8,(109,913),0;1,(194,743),5;4,(109,913),(77,868),1,-1;4,(77,868),(20,893),0,-1;14,(119,550),(355,433),(109,913),-1;4,(119,550),(119,580),0,-1;4,(194,743),(248,714),0,-1;4,(248,714),(344,720),-1,0;4,(344,720),(280,714),-1,0;4,(119,550),(170,601),-1,-1;4,(170,601),(199,631),-1,-1;4,(355,433),(305,461),0,-1;4,(355,433),(355,454),0,-1;4,(305,461),(119,462),-1,-1;4,(355,454),(173,454),-1,-1;4,(355,433),(173,433),-1,-1;4,(355,454),(20,454),-1,-1;4,(119,462),(77,462),-1,-1
l.sups	8,(180,433),0;8,(112,913),0;4,(112,913),(79,868),1,-1;4,(79,868),(23,893),0,-1;4,(180,433),(122,462),0,-1;4,(180,433),(180,454),0,-1;4,(180,454),(20,454),-1,-1;4,(122,462),(79,462),-1,-1
m.sups	8,(577,433),0;1,(242,755),5;1,(440,755),5;1,(111,752),5;4,(577,433),(527,462),0,-1;4,(577,433),(577,454),0,-1;4,(577,454),(430,454),-1,-1;4,(527,462),(484,462),-1,-1;4,(440,755),(427,717),1,-1;4,(484,462),(327,462),-1,-1;4,(430,454),(377,454),-1,-1;4,(577,433),(377,433),-1,-1;4,(377,454),(230,454),-1,-1;4,(327,462),(285,462),-1,-1;4,(427,717),(229,717),-1,-1;4,(285,462),(125,462),-1,-1;4,(230,454),(176,454),-1,-1;4,(377,433),(176,433),-1,-1;4,(176,454),(29,454),-1,-1;4,(125,462),(83,462),-1,-1;4,(111,752),(83,700),1,-1;4,(83,700),(25,725),0,-1
n.sups	8,(29,433),0;1,(249,755),5;1,(111,752),5;4,(29,433),(83,462),0,-1;4,(83,462),(125,462),-1,-1;4,(125,462),(292,462),-1,-1;4,(292,462),(334,462),-1,-1;4,(29,433),(29,454),0,-1;4,(29,454),(176,454),-1,-1;4,(176,454),(237,454),-1,-1;4,(237,454),(384,454),-1,-1;4,(29,433),(237,433),-1,-1;4,(249,755),(233,717),1,-1;4,(111,752),(83,700),1,-1;4,(83,700),(25,725),0,-1
o.sups	8,(182,423),0;1,(182,755),5;4,(182,755),(182,730),0,-1;4,(182,423),(182,447),0,-1
p.sups	8,(187,275),0;8,(222,423),0;1,(228,755),5;1,(110,752),5;4,(228,755),(218,723),0,-1;4,(222,423),(216,454),0,-1;4,(187,275),(187,296),0,-1;4,(187,296),(25,296),-1,-1;4,(187,275),(124,304),0,-1;4,(124,304),(82,304),-1,-1;4,(110,752),(82,700),1,-1;4,(82,700),(23,725),0,-1;14,(124,471),(222,423),(216,454),-1
q.sups	8,(368,275),0;8,(163,423),0;1,(312,746),5;1,(173,755),5;4,(163,423),(175,454),0,-1;4,(173,755),(179,723),0,-1;4,(368,275),(312,304),-2,-1;4,(368,275),(368,296),0,-1;4,(368,296),(206,296),-1,-1;4,(312,304),(269,304),-1,-1
r.sups	8,(184,433),0;1,(229,755),5;1,(111,752),5;4,(184,433),(184,454),0,-1;4,(184,454),(29,454),-1,-1;4,(184,433),(125,462),0,-1;4,(125,462),(83,462),-1,-1;4,(111,752),(83,700),1,-1;4,(83,700),(25,725),0,-1;4,(229,755),(239,699),1,-1
s.sups	8,(136,423),0;1,(152,755),5;4,(136,423),(138,447),0,-1;14,(220,503),(136,423),(152,755),-1;4,(152,755),(151,730),0,-1;14,(80,677),(152,755),(136,423),-1
t.sups	8,(142,426),0;1,(11,738),5;1,(114,743),5;1,(72,743),5;4,(142,426),(154,459),1,-1;4,(11,738),(71,713),0,-1;4,(71,713),(207,713),-1,-1
u.sups	8,(161,423),0;1,(314,747),5;1,(106,747),5;6,(368,433),(320,462),0;4,(161,423),(282,427),-1,0;4,(106,747),(70,711),1,-1;4,(70,711),(20,740),0,-1;4,(161,423),(174,460),1,-1;4,(70,711),(277,711),-1,-1;4,(20,740),(227,739),-1,-1;4,(368,433),(368,454),0,-1
v.sups	8,(164,426),0;1,(146,743),5;4,(146,743),(91,714),0,-1;4,(91,714),(43,714),-1,-1;4,(146,743),(146,720),0,-1;4,(146,720),(-2,720),-1,-1;14,(183,482),(164,426),(146,743),-1;4,(91,714),(267,714),-1,-1;4,(146,720),(211,720),-1,-1;4,(146,743),(211,743),-1,-1;4,(211,720),(337,720),-1,-1;4,(267,714),(295,714),-1,-1
w.sups	8,(145,426),0;1,(-2,743),5;4,(145,426),(350,426),-1,-1;4,(-2,743),(42,715),0,-1;4,(-2,743),(-2,720),0,-1;4,(-2,720),(141,720),-1,-1;4,(42,715),(88,715),-1,-1;14,(366,497),(350,426),(334,743),-1;4,(366,497),(163,496),-1,-1;4,(88,715),(246,715),-1,-1;4,(141,720),(198,720),-1,-1;4,(-2,743),(198,743),-1,-1;4,(198,720),(334,720),-1,-1;4,(246,715),(286,714),-1,-1;4,(286,714),(438,714),-1,-1;4,(334,720),(386,720),-1,-1;4,(198,743),(386,743),-1,-1;4,(386,720),(509,720),-1,-1;4,(438,714),(467,714),-1,-1
x.sups	8,(130,433),0;1,(204,743),5;1,(144,743),5;4,(130,433),(130,454),-2,-1;4,(130,454),(7,454),-1,-1;4,(130,433),(83,461),0,-1;4,(83,461),(54,461),-1,-1;14,(160,567),(130,433),(144,743),-1;4,(160,567),(148,584),-1,-1;4,(204,743),(250,714),0,-1;4,(250,714),(102,715),-1,-1;4,(102,715),(56,715),-1,-1;4,(204,743),(204,720),0,-1;4,(204,720),(144,720),-1,-1;4,(144,720),(11,720),-1,-1;4,(130,433),(189,433),-1,-1;14,(176,613),(204,743),(189,433),-1;4,(250,714),(280,714),-1,-1;4,(176,613),(189,595),-1,-1;4,(83,461),(236,461),-1,-1;4,(236,461),(284,461),-1,-1;4,(130,454),(189,454),-1,-1;4,(189,454),(331,454),-1,-1
y.sups	8,(52,270),0;1,(-3,743),5;1,(211,743),5;4,(52,270),(28,327),1,-1;14,(160,422),(52,270),(-3,743),-1;4,(-3,743),(43,714),0,-1;4,(-3,743),(-3,720),0,-1;4,(-3,720),(149,720),-1,-1;4,(43,714),(89,714),-1,-1;4,(160,422),(181,480),-1,-1;4,(89,714),(266,714),-1,-1;4,(149,720),(211,720),-1,-1;4,(211,720),(338,720),-1,-1;4,(266,714),(293,714),-1,-1
z.sups	8,(279,433),0;1,(33,743),5;4,(33,743),(223,719),0,-1;4,(223,719),(275,723),-1,-1;4,(279,433),(242,456),0,-1;4,(242,456),(26,452),-1,-1
egrave.sups	8,(183,423),0;1,(181,755),5;6,(77,590),(78,614),0;4,(181,755),(195,796),-2,-1;4,(183,423),(192,458),1,-1;4,(181,755),(180,730),0,-1
eacute.sups	8,(183,423),0;1,(181,755),5;6,(77,590),(78,614),0;4,(181,755),(160,796),-2,-1;4,(183,423),(192,458),1,-1;4,(181,755),(180,730),0,-1
dollar	1,(270,664),3;1,(240,663),3;2,(269,-12),0;2,(240,-13),0;14,(240,365),(270,664),(269,-12),-1;4,(270,664),(270,632),0,-1;4,(270,632),(240,631),-1,-1;14,(269,296),(240,-13),(240,663),-1;4,(269,-12),(269,19),0,-1;4,(269,19),(240,18),-1,-1;4,(269,296),(240,308),-1,-1;4,(240,365),(270,353),-1,-1
sterling	1,(270,664),3;2,(39,0),0;14,(187,295),(39,0),(270,664),-1;4,(187,295),(181,330),1,-1;4,(181,330),(138,330),-1,-1;4,(270,664),(278,634),0,-1;4,(39,0),(96,48),1,-1;4,(96,48),(39,33),-1,-1;4,(187,295),(148,295),-1,-1
yen	1,(306,651),3;1,(-6,651),3;2,(114,0),0;4,(114,0),(220,37),1,-1;14,(207,300),(220,37),(306,651),0;4,(207,300),(222,265),1,-1;4,(222,265),(222,196),-2,-1;4,(-6,651),(62,617),0,-1;4,(-6,651),(-6,624),0,-1;4,(-6,624),(209,624),-1,-1;4,(62,617),(119,616),-1,-1;4,(207,300),(257,305),-1,-1;4,(119,616),(395,615),-1,-1;4,(306,651),(306,624),0,-1;4,(306,624),(499,624),-1,-1;4,(395,615),(430,615),-1,-1;4,(207,300),(286,300),-1,-1;4,(222,265),(271,265),-1,-1;4,(222,196),(271,196),-1,-1;4,(222,196),(222,162),1,-1;4,(222,162),(271,162),-1,-1;4,(220,37),(273,37),-1,-1;4,(114,0),(114,28),0,-1;4,(114,28),(379,28),-1,-1
florin	1,(416,664),3;6,(415,355),(415,390),1;6,(70,-100),(98,-71),0;4,(415,390),(228,390),-1,-1;4,(416,664),(387,634),0,-1;4,(415,355),(224,355),-1,-1
Euro	1,(305,664),3;2,(302,-13),0;6,(126,244),(122,279),1;4,(126,244),(70,244),-1,-1;4,(122,279),(67,279),-1,-1;4,(122,279),(122,358),-2,-1;4,(122,358),(66,358),-1,-1;4,(122,358),(124,393),1,-1;4,(124,393),(69,393),-1,-1;4,(305,664),(311,634),0,-1;4,(302,-13),(311,17),0,-1
rupeeindian	1,(65,651),3;2,(358,-7),0;2,(425,0),0;6,(65,306),(65,341),1;4,(65,651),(65,617),1,-1;4,(65,617),(65,503),-2,-1;4,(65,503),(65,468),1,-1;4,(65,617),(269,617),-1,-1;4,(65,503),(348,503),-1,-1;4,(65,468),(348,468),-1,-1;14,(186,315),(65,341),(65,306),-1;4,(358,-7),(425,27),1,-1
liraturkish	1,(27,651),3;2,(123,2),0;2,(222,-13),0;14,(175,293),(123,2),(27,651),-1;4,(175,293),(126,269),-1,-1;4,(175,293),(175,331),1,-1;4,(175,331),(126,307),-1,-1;4,(175,331),(175,416),-2,-1;4,(175,416),(126,392),-1,-1;4,(175,416),(175,453),1,-1;4,(175,453),(126,429),-1,-1;4,(27,651),(124,615),1,-1;4,(27,651),(27,623),0,-1;4,(27,623),(277,623),-1,-1;4,(124,615),(177,615),-1,-1;4,(222,-13),(228,17),0,-1
ruble	1,(30,651),3;2,(287,0),0;6,(20,279),(20,313),0;4,(30,651),(128,615),1,-1;4,(30,651),(30,626),0,-1;4,(20,279),(224,279),-1,-1;4,(20,279),(129,200),-2,-1;4,(129,200),(179,200),-1,-1;4,(129,200),(129,166),1,-1;4,(129,166),(179,166),-1,-1;4,(287,0),(180,36),1,-1;4,(287,0),(287,26),0,-1;4,(287,26),(30,26),-1,-1;4,(180,36),(128,36),-1,-1;4,(20,313),(179,313),-1,-1;4,(30,626),(180,622),-1,-1
arrowleft	6,(640,255),(640,299),1
arrowupleft	8,(116,501),0;4,(116,501),(168,457),1,-1
arrowup	8,(337,587),0;4,(337,587),(318,520),1,-1;4,(318,520),(343,520),-1,-1
arrowupright	1,(554,491),0;4,(554,491),(493,457),0,-1
arrowright	6,(20,254),(20,298),1
arrowdownright	6,(554,62),(492,96),0
arrowdown	8,(336,-34),0;4,(336,-34),(343,34),1,-1;4,(343,34),(317,34),-1,-1
arrowdownleft	6,(106,62),(167,96),0
circumflexcmb	8,(-11,729),0;4,(-11,729),(0,670),-2,-1
circumflexcmb.cap	8,(11,847),0;4,(11,847),(0,799),-2,-1
tildecmb	6,(66,583),(70,619),0;4,(70,619),(-66,701),-1,-1;4,(66,583),(-70,665),-1,-1;14,(134,695),(-70,665),(-66,701),-1;14,(-134,588),(66,583),(70,619),-1
tildecmb.cap	6,(74,734),(78,771),-2;4,(78,771),(-74,852),-1,-1;4,(74,734),(-78,816),-1,-1;14,(149,847),(-78,816),(-74,852),-1;14,(-149,739),(74,734),(78,771),-1
macroncmb	6,(124,617),(124,657),0
macroncmb.cap	6,(-148,764),(-148,804),0
brevecmb	6,(0,581),(0,623),-2
brevecmb.cap	6,(0,735),(0,775),-2
dotaccentcmb	6,(0,611),(0,700),-2
dotaccentcmb.cap	6,(0,750),(0,840),-2
dieresiscmb	6,(98,625),(98,705),-2;4,(98,625),(-98,625),-1,-1;4,(98,705),(-98,705),-1,-1
dieresiscmb.cap	6,(-106,752),(-106,834),-2;4,(-106,752),(106,752),-1,-1;4,(-106,834),(106,834),-1,-1
ringcmb	6,(0,561),(0,589),-2;4,(0,589),(0,719),-2,-1;4,(0,719),(0,746),-2,-1
ringcmb.cap	6,(0,722),(0,748),-2;4,(0,748),(0,869),-2,-1;4,(0,869),(0,896),-2,-1
caroncmb	6,(21,570),(0,617),-2
caroncmb.cap	6,(21,736),(0,777),-2
cedillacmb	6,(9,-59),(-23,-81),-2;4,(-23,-81),(-4,-191),-2,-1;4,(-4,-191),(1,-216),-2,-1
ogonekcmb	6,(2,-222),(22,-185),-2
Gamma	1,(53,674),4;2,(53,0),0;4,(53,0),(53,28),0,-1;4,(53,0),(155,36),1,-1;4,(53,674),(155,638),1,-1;4,(53,674),(53,646),0,-1;4,(155,638),(212,641),-1,-1;4,(155,36),(212,36),-1,-1;4,(53,28),(320,28),-1,-1
Delta	1,(293,680),4;2,(33,0),0;14,(299,612),(33,0),(293,680),-1;4,(33,0),(78,49),-2,-1
Theta	1,(354,688),4;2,(354,-14),0;6,(461,322),(460,362),0;4,(354,-14),(354,20),0,-1;4,(354,688),(354,655),0,-1
Lambda	1,(302,680),4;2,(644,0),0;2,(231,0),0;4,(644,0),(557,36),0,-1;4,(644,0),(644,28),1,-1;4,(644,28),(393,28),-1,-1;4,(557,36),(500,37),-1,0;14,(310,609),(2,0),(302,680),-1;4,(500,37),(123,37),-1,0;4,(393,28),(231,28),-1,-1;4,(231,28),(2,28),-1,-1;4,(123,37),(89,37),-1,0
Xi	1,(67,674),4;2,(53,0),0;6,(167,321),(167,364),1;4,(67,674),(111,627),1,-1;4,(53,0),(97,47),1,-1
Pi	1,(53,674),4;2,(53,0),0;2,(471,0),0;4,(53,674),(155,638),1,-1;4,(155,638),(212,640),-1,-1;4,(53,0),(155,36),1,-1;4,(155,36),(212,36),-2,-1;4,(53,0),(53,28),0,-1;4,(53,28),(314,28),-1,-1;4,(53,674),(53,646),0,-1;4,(53,646),(732,646),-1,-1;4,(212,640),(630,638),-1,-1;4,(471,0),(572,36),1,-1;4,(572,36),(630,36),-1,-1;4,(471,0),(471,28),0,-1;4,(471,28),(732,28),-1,-1
Sigma	1,(41,674),4;2,(510,0),0;4,(41,674),(106,641),1,-1;14,(264,336),(26,0),(41,674),-1;4,(264,336),(316,347),-1,-1;4,(510,0),(83,49),-2,-1;4,(41,674),(41,648),0,-1
Phi	1,(218,685),4;2,(218,-5),0;4,(218,685),(322,649),1,-1;4,(322,649),(322,578),-1,-1;4,(218,685),(218,657),0,-1;4,(218,657),(479,657),-1,-1;4,(322,649),(375,648),-1,-1;4,(322,578),(375,578),-1,-1;4,(218,-5),(322,32),1,-1;4,(322,32),(323,117),-1,-1;4,(323,117),(374,117),-1,-1;4,(322,32),(375,33),-1,-1;4,(218,-5),(218,23),0,-1;4,(218,23),(479,23),-1,-1;4,(374,117),(374,149),0,-1;4,(374,149),(323,149),-1,-1;4,(322,578),(323,546),0,-1;4,(323,546),(374,546),-1,-1
Psi	1,(-5,674),4;1,(248,674),4;1,(741,674),4;2,(238,0),0;6,(341,267),(341,300),0;4,(-5,674),(-5,646),0,-1;4,(248,674),(340,638),1,-1;4,(248,674),(248,646),0,-1;4,(248,646),(489,646),-1,-1;4,(340,638),(397,638),-1,-1;4,(341,300),(395,300),-1,-1;4,(741,674),(741,646),0,-1;4,(341,267),(395,267),-1,-1;4,(238,0),(340,36),1,-1;4,(340,36),(397,36),-1,-1;4,(238,0),(238,28),0,-1;4,(238,28),(499,28),-1,-1
Omega	1,(372,688),4;2,(686,0),0;2,(325,0),0;4,(325,0),(325,37),-2,-1;4,(325,37),(272,45),-1,-1;4,(325,37),(419,37),-1,-1;4,(419,37),(472,45),-1,-1;4,(372,688),(372,655),0,-1
alpha	1,(262,485),0;1,(458,480),0;2,(247,-13),0;2,(466,-13),0;14,(409,388),(247,-13),(262,485),-1;4,(466,-13),(482,32),0,-1;14,(397,81),(247,-13),(262,485),-1;4,(247,-13),(255,20),0,-1;4,(262,485),(258,453),1,-1
beta	8,(109,-189),0;1,(304,745),5;2,(319,-13),0;6,(256,366),(249,400),1;4,(319,-13),(311,31),0,-1;4,(304,745),(301,715),1,-1;14,(314,387),(249,400),(256,366),-1;14,(147,69),(319,-13),(304,745),-1
gamma	8,(217,-190),0;1,(58,480),0;1,(406,485),0;1,(430,475),0;4,(58,480),(36,438),0,-1
delta	1,(286,745),5;2,(262,-13),0;14,(279,461),(262,-13),(286,745),-1;4,(279,461),(255,479),-1,-1;4,(286,745),(295,717),1,-1;4,(262,-13),(264,19),0,-1
epsilon	1,(238,485),0;2,(218,-13),0;6,(276,227),(264,268),1;14,(197,242),(276,227),(264,268),-1;4,(238,485),(238,458),1,-1;4,(264,268),(298,269),-1,0;4,(218,-13),(233,28),0,-1
zeta	8,(206,-188),0;1,(386,735),5;4,(206,-188),(202,-142),1,-1;4,(386,735),(346,701),1,-1
eta	8,(419,-190),0;1,(87,482),0;1,(329,485),0;2,(115,-9),0;4,(87,482),(69,440),0,-1;14,(157,326),(160,0),(87,482),-1;4,(157,326),(157,363),-1,-1;4,(329,485),(314,437),1,-1
theta	1,(255,745),5;2,(249,-13),0;6,(403,351),(403,391),1;4,(255,745),(252,715),0,-1;4,(249,-13),(255,17),0,-1
iota	1,(153,480),0;2,(180,-13),0;4,(180,-13),(194,31),0,-1
kappa	1,(84,482),0;1,(463,485),0;2,(433,-13),0;2,(113,-9),0;14,(235,259),(433,-13),(463,485),-1;4,(84,482),(69,440),0,-1;14,(155,171),(433,-13),(463,485),-1;4,(463,485),(429,417),0,-1;4,(433,-13),(445,37),0,-1
lambda	1,(116,745),5;2,(77,-7),0;2,(456,-13),0;14,(267,437),(456,-13),(116,745),-1;4,(116,745),(109,692),0,-1;4,(456,-13),(470,37),0,-1
mu	8,(110,-189),0;1,(147,482),0;1,(457,482),0;1,(157,475),0;1,(467,475),0;2,(481,-13),0;2,(262,-13),0;4,(262,-13),(271,34),0,-1;4,(481,-13),(496,31),0,-1;14,(414,103),(481,-13),(147,482),-1;14,(139,65),(481,-13),(147,482),-1
nu	1,(57,480),0;1,(407,485),0;1,(430,475),0;2,(221,-1),0;4,(57,480),(36,438),0,-1;14,(249,47),(221,-1),(57,480),-1
xi	8,(226,-188),0;1,(47,740),5;6,(309,353),(322,401),0;4,(226,-188),(223,-142),1,-1;14,(238,374),(309,353),(322,401),-1;4,(47,740),(269,702),0,-1;4,(269,702),(399,702),-1,-1;4,(309,353),(378,351),-1,0
omicron	1,(262,485),0;2,(255,-13),0;4,(255,-13),(260,19),0,-1;4,(262,485),(258,453),0,-1
pi	1,(211,472),0;2,(96,-11),0;2,(468,-13),0;4,(211,472),(202,430),1,-1;4,(96,-11),(150,59),-2,-1;4,(202,430),(172,429),-1,-1;4,(202,430),(421,430),-1,-1;4,(468,-13),(485,31),1,-1
rho	8,(93,-189),0;1,(297,485),0;2,(289,-13),0;4,(289,-13),(287,23),0,-1;4,(297,485),(289,453),1,-1;14,(130,77),(289,-13),(297,485),-1
sigma	1,(303,473),0;2,(257,-13),0;4,(257,-13),(263,19),0,-1;4,(303,473),(269,440),0,-1;14,(333,437),(257,-13),(303,473),-1
tau	1,(236,472),0;2,(287,-13),0;4,(236,472),(438,428),0,-1;4,(287,-13),(304,31),0,-1;4,(438,428),(211,430),-1,-1
upsilon	1,(93,482),0;1,(425,485),0;2,(284,-13),0;4,(93,482),(68,440),0,-1;4,(284,-13),(292,23),0,-1
phi	8,(322,-199),0;1,(328,485),0;1,(364,485),0;2,(320,-13),0;2,(364,-13),0;4,(320,-13),(321,19),0,-1;4,(328,485),(328,453),0,-1;4,(328,453),(364,453),-1,-1;4,(321,19),(364,19),-1,-1
chi	1,(74,483),0;1,(393,483),0;6,(431,-190),(441,-143),1;14,(250,132),(431,-190),(74,483),-1;4,(431,-190),(83,-187),-1,0;4,(74,483),(66,437),1,-1;14,(247,208),(431,-190),(74,483),-1
psi	8,(361,-200),0;8,(363,616),0;1,(88,481),0;1,(604,485),0;1,(631,472),0;2,(357,-13),0;2,(400,-12),0;4,(88,481),(68,439),0,-1;4,(357,-13),(357,21),0,-1;4,(357,21),(400,21),-1,-1
omega	1,(261,484),0;1,(454,484),0;2,(223,-13),0;2,(488,-13),0;4,(261,484),(266,458),0,-1;4,(223,-13),(228,21),0,-1;4,(228,21),(490,21),-1,-1;4,(266,458),(448,458),-1,-1
sigma.end	8,(210,-188),0;1,(285,485),0;4,(210,-188),(206,-142),1,-1;4,(285,485),(290,459),0,-1
Be	1,(53,674),4;2,(53,0),0;6,(210,341),(210,372),0;4,(53,0),(53,28),0,-1;4,(53,0),(155,36),1,-1;4,(53,674),(155,638),1,-1;4,(53,674),(53,646),0,-1;4,(53,646),(212,641),-1,-1;4,(53,28),(212,32),-1,-1
De	8,(52,-173),0;1,(171,674),4;2,(70,0),0;4,(70,0),(59,33),1,-1;4,(171,674),(261,637),1,-1;4,(171,674),(171,646),0,-1;4,(171,646),(643,646),-1,-1;4,(261,637),(302,641),-1,-1;4,(302,641),(541,638),-1,-1;4,(59,33),(109,33),-1,-1;4,(109,33),(541,33),-1,-1;4,(52,-173),(602,-173),-1,-1
Zhe	1,(330,674),4;1,(71,689),4;1,(848,689),4;2,(330,0),0;2,(3,0),0;2,(78,-7),0;2,(916,0),0;2,(841,-7),0;6,(485,324),(485,354),0;4,(330,0),(330,28),0,-1;4,(330,0),(433,36),1,-1;4,(485,324),(434,324),-1,-1;4,(3,0),(3,27),0,-1;14,(606,341),(485,354),(485,324),-1;4,(606,341),(313,341),-1,-1;4,(71,689),(130,619),-2,-1;4,(485,354),(434,354),-1,-1;4,(330,674),(433,638),1,-1;4,(330,674),(330,646),0,-1;4,(330,646),(589,646),-1,-1;4,(433,638),(486,638),-1,-1;4,(848,689),(789,619),-2,-1;4,(916,0),(916,27),0,-1;4,(433,36),(486,36),-1,-1;4,(330,28),(589,28),-1,-1
Ze	1,(261,688),4;2,(247,-14),0;6,(239,334),(231,366),0;4,(247,-14),(241,20),0,-1;4,(261,688),(255,655),0,-1;14,(318,352),(239,334),(231,366),-1
Icyr	1,(53,674),4;1,(485,674),4;2,(53,0),0;2,(485,0),0;4,(53,0),(53,28),0,-1;4,(53,0),(155,36),1,-1;4,(53,674),(155,638),1,-1;4,(53,674),(53,646),0,-1;4,(53,646),(314,646),-1,-1;4,(155,638),(212,638),-1,-1;4,(485,674),(589,638),1,-1;4,(485,674),(485,646),0,-1;4,(485,646),(746,646),-1,-1;4,(589,638),(645,638),-1,-1;4,(485,0),(587,36),1,-1;4,(587,36),(645,36),-1,-1;4,(485,0),(485,28),0,-1;4,(485,28),(746,28),-1,-1;4,(155,36),(210,36),-1,-1;4,(53,28),(314,28),-1,-1
Ka	1,(53,674),4;1,(583,689),4;2,(53,0),0;2,(650,0),0;2,(575,-7),0;6,(210,328),(210,359),0;4,(53,0),(53,28),0,-1;4,(53,0),(155,36),1,-1;4,(53,674),(155,638),1,-1;4,(53,674),(53,646),0,-1;4,(53,646),(314,646),-1,-1;4,(155,638),(212,638),-1,-1;4,(583,689),(521,620),-2,-1;14,(334,345),(210,359),(210,328),-1;4,(650,0),(650,27),0,-1;4,(155,36),(212,36),-1,-1;4,(53,28),(314,28),-1,-1
El	1,(166,674),4;1,(633,674),4;2,(372,0),0;2,(69,-14),0;4,(69,-14),(110,41),-2,-1;4,(166,674),(262,637),1,-1;4,(166,674),(166,646),0,-1;4,(633,674),(633,646),0,-1;4,(262,637),(298,641),-1,-1;4,(298,641),(531,638),-1,-1;4,(372,0),(473,36),1,-1;4,(473,36),(531,36),-1,-1;4,(372,0),(372,28),0,-1;4,(372,28),(633,28),-1,-1
Pe	1,(53,674),4;2,(53,0),0;2,(468,0),0;4,(53,0),(53,28),0,-1;4,(53,0),(155,36),1,-1;4,(53,674),(155,638),1,-1;4,(53,674),(53,646),0,-1;4,(53,646),(729,646),-1,-1;4,(155,638),(212,642),-1,-1;4,(212,642),(626,638),-1,-1;4,(468,0),(569,36),1,-1;4,(569,36),(626,36),-1,-1;4,(468,0),(468,28),0,-1;4,(468,28),(729,28),-1,-1;4,(155,36),(212,36),-1,-1;4,(53,28),(314,28),-1,-1
Ucyr	1,(8,674),4;1,(381,674),4;2,(156,-14),0;4,(8,674),(8,646),0,-1;4,(8,674),(84,638),1,-1;4,(84,638),(143,638),-1,-1;14,(315,229),(156,-14),(8,674),-1;4,(143,638),(474,637),-1,-1;4,(8,646),(381,646),-1,-1;4,(381,646),(597,646),-1,-1;4,(474,637),(516,638),-1,-1;4,(156,-14),(206,37),-2,-1
Ef	1,(220,685),4;2,(220,-11),0;4,(220,685),(325,648),1,-1;4,(325,648),(326,568),-1,-1;4,(220,685),(220,657),0,-1;4,(220,657),(481,657),-1,-1;4,(325,648),(376,648),-1,-1;4,(326,568),(375,568),-1,-1;4,(220,-11),(325,26),1,-1;4,(325,26),(326,110),-1,-1;4,(326,110),(375,110),-1,-1;4,(325,26),(376,26),-1,-1;4,(220,-11),(220,17),0,-1;4,(220,17),(481,17),-1,-1;4,(326,110),(326,140),0,-1;4,(326,568),(326,537),0,-1;4,(326,140),(374,140),-1,-1;4,(326,537),(374,537),-1,-1
Tse	1,(53,674),4;1,(462,674),4;2,(53,0),0;4,(53,0),(155,36),0,-1;4,(53,674),(53,646),1,-1;4,(53,646),(314,646),-1,-1;4,(155,36),(212,33),-1,-1;4,(212,33),(563,33),-1,-1;4,(314,646),(462,646),-1,-1;4,(462,646),(723,646),-1,-1;4,(563,33),(620,33),-1,-1;4,(620,33),(726,33),-1,-1
Che	1,(37,674),4;1,(393,674),4;2,(393,0),0;6,(327,284),(340,322),1;4,(37,674),(37,646),0,-1;4,(37,646),(288,646),-1,-1;4,(37,674),(130,638),1,-1;4,(130,638),(186,638),-1,-1;4,(393,674),(495,638),1,-1;4,(393,674),(393,646),0,-1;4,(393,646),(654,646),-1,-1;4,(495,638),(552,638),-1,-1;4,(393,0),(495,36),1,-1;4,(495,36),(552,36),-1,-1;4,(393,0),(393,28),0,-1;4,(393,28),(654,28),-1,-1
Sha	1,(52,674),4;1,(402,674),4;1,(745,674),4;2,(52,0),0;4,(52,0),(52,28),0,-1;4,(52,0),(155,36),1,-1;4,(52,674),(155,638),1,-1;4,(52,674),(52,646),0,-1;4,(52,646),(310,646),-1,-1;4,(155,638),(212,638),-1,-1;4,(155,36),(212,33),-1,-1;4,(212,33),(499,33),-1,-1;4,(212,638),(499,638),-1,-1;4,(310,646),(402,646),-1,-1;4,(402,646),(655,646),-1,-1;4,(499,638),(556,638),-1,-1;4,(499,33),(556,33),-1,-1;4,(556,33),(843,33),-1,-1;4,(556,638),(843,638),-1,-1;4,(655,646),(745,646),-1,-1;4,(745,646),(1003,646),-1,-1;4,(843,638),(900,638),-1,-1;4,(843,33),(900,36),-1,0;4,(52,28),(1003,28),-1,-1
Shcha	8,(964,-173),0;1,(52,674),4;1,(402,674),4;1,(745,674),4;2,(52,0),0;4,(52,0),(52,28),0,-1;4,(52,0),(155,36),1,-1;4,(52,674),(155,638),1,-1;4,(52,674),(52,646),0,-1;4,(52,646),(310,646),-1,-1;4,(155,638),(212,638),-1,-1;4,(155,36),(212,33),-1,-1;4,(212,33),(499,33),-1,-1;4,(212,638),(499,638),-1,-1;4,(310,646),(402,646),-1,-1;4,(402,646),(655,646),-1,-1;4,(499,638),(556,638),-1,-1;4,(499,33),(556,33),-1,-1;4,(556,33),(843,33),-1,-1;4,(556,638),(843,638),-1,-1;4,(655,646),(745,646),-1,-1;4,(745,646),(1003,646),-1,-1;4,(843,638),(900,638),-1,-1;4,(843,33),(900,33),-1,-1;4,(900,33),(1006,33),-1,-1
Hard	1,(440,674),4;2,(173,0),0;6,(416,352),(432,384),0;4,(173,0),(173,28),0,-1;4,(173,0),(274,36),1,-1;4,(440,674),(331,638),1,-1;4,(331,638),(274,641),-1,-1;4,(440,674),(440,646),0,-1;4,(432,384),(330,378),-1,0;4,(274,36),(331,32),-1,-1;4,(331,32),(424,32),-1,-1;4,(416,352),(330,346),-1,0
Yeru	1,(53,674),4;1,(583,674),4;2,(583,0),0;2,(53,0),0;6,(298,352),(313,384),0;4,(53,0),(53,28),0,-1;4,(53,0),(155,36),1,-1;4,(53,674),(155,638),1,-1;4,(53,674),(53,646),0,-1;4,(53,646),(324,646),-1,-1;4,(155,638),(212,637),-1,-1;4,(583,0),(583,28),0,-1;4,(583,0),(685,36),1,-1;4,(583,674),(685,638),1,-1;4,(583,674),(583,646),0,-1;4,(583,646),(844,646),-1,-1;4,(685,638),(742,638),-1,-1;4,(685,36),(742,36),-1,-1;4,(583,28),(844,28),-1,-1;4,(53,28),(212,32),-1,-1
Soft	1,(53,674),4;2,(53,0),0;6,(310,352),(325,384),0;4,(53,0),(53,28),0,-1;4,(53,0),(155,36),1,-1;4,(53,674),(155,638),1,-1;4,(53,674),(53,646),0,-1;4,(53,646),(324,646),-1,-1;4,(155,638),(212,637),-1,-1;4,(53,28),(212,32),-1,-1
Ecyr	1,(252,688),4;2,(252,-14),0;6,(506,325),(506,357),0;4,(252,-14),(254,20),1,-1;4,(252,688),(248,655),1,-1
Yu	1,(53,674),4;1,(645,688),4;2,(53,0),0;2,(645,-14),0;6,(365,334),(366,366),0;4,(53,0),(155,36),1,-1;4,(155,36),(209,36),-1,-1;4,(53,0),(53,28),0,-1;4,(53,28),(311,28),-1,-1;4,(53,674),(155,638),1,-1;4,(53,674),(53,646),0,-1;4,(53,646),(311,646),-1,-1;4,(155,638),(209,638),-1,-1;4,(645,-14),(645,20),1,-1;4,(645,688),(645,655),1,-1
Ya	1,(596,674),4;2,(9,0),0;2,(335,0),0;2,(83,-8),0;6,(438,310),(438,340),0;4,(596,674),(596,646),0,-1;4,(596,646),(437,642),-1,-1;4,(9,0),(9,28),0,-1;14,(270,321),(438,340),(438,310),-1;4,(596,674),(494,638),1,-1;4,(335,0),(437,36),1,-1;4,(437,36),(494,36),-1,-1;4,(335,0),(335,28),0,-1;4,(335,28),(596,28),-1,-1
Dje	1,(29,674),4;2,(148,0),0;6,(410,346),(426,379),0;6,(456,-59),(448,-32),0;4,(29,674),(76,641),1,-1;4,(76,641),(317,641),-1,-1;4,(426,379),(316,372),-1,0;4,(410,346),(316,341),-1,0;4,(148,0),(148,28),0,-1;4,(148,0),(260,36),1,-1
Ieukran	1,(369,688),4;2,(370,-14),0;6,(350,325),(350,357),0;4,(369,688),(375,655),1,-1;4,(370,-14),(371,20),1,-1
Lje	1,(166,674),4;2,(67,-14),0;2,(372,0),0;6,(529,346),(529,378),1;4,(67,-14),(110,41),1,-1;4,(166,674),(262,637),1,-1;4,(166,674),(166,646),0,-1;4,(166,646),(633,646),-1,-1;4,(262,637),(531,638),-1,-1;4,(372,0),(372,28),0,-1;4,(372,0),(473,36),1,-1;4,(166,646),(298,641),-1,-1;4,(372,28),(531,32),-1,-1
Nje	1,(53,674),4;1,(449,674),4;2,(53,0),0;2,(449,0),0;6,(552,345),(552,377),0;4,(53,0),(155,36),1,-1;4,(155,36),(212,36),-1,-1;4,(53,0),(53,28),0,-1;4,(53,28),(314,28),-1,-1;4,(53,674),(155,638),1,-1;4,(53,674),(53,646),0,-1;4,(53,646),(314,646),-1,-1;4,(155,638),(212,638),-1,-1;4,(449,674),(551,638),1,-1;4,(449,674),(449,646),0,-1;4,(449,646),(720,646),-1,-1;4,(551,638),(608,637),-1,-1;4,(552,377),(607,379),-1,-1;4,(449,0),(449,28),0,-1;4,(449,0),(551,36),1,-1;4,(449,28),(608,32),-1,-1;4,(552,345),(607,347),-1,-1
Tshe	1,(29,674),4;2,(158,0),0;2,(740,0),0;6,(326,346),(326,376),0;4,(29,674),(76,641),1,-1;4,(76,641),(327,641),-1,-1;4,(740,0),(660,36),1,-1;4,(740,0),(740,28),0,-1;4,(158,0),(270,36),1,-1;4,(270,36),(327,36),-1,-1;4,(158,0),(158,28),0,-1;4,(158,28),(432,28),-1,-1
Dzhe	8,(369,-199),0;1,(53,674),4;1,(461,674),4;2,(53,0),0;4,(53,0),(53,28),0,-1;4,(53,0),(155,36),1,-1;4,(53,674),(155,638),1,-1;4,(53,674),(53,646),0,-1;4,(53,646),(314,646),-1,-1;4,(155,638),(212,638),-1,-1;4,(155,36),(212,33),-1,-1;4,(461,674),(563,638),1,-1;4,(461,674),(461,646),0,-1;4,(461,646),(722,646),-1,-1;4,(563,638),(620,638),-1,-1;4,(212,33),(620,36),-1,-1;4,(53,28),(722,28),-1,-1
Fita	1,(353,688),4;2,(353,-14),0;6,(590,334),(590,366),0;4,(353,688),(353,655),1,-1;4,(353,-14),(353,20),1,-1
Gheup	8,(489,812),0;1,(53,674),4;2,(53,0),0;4,(53,0),(53,28),0,-1;4,(53,0),(155,36),1,-1;4,(53,674),(155,638),1,-1;4,(53,674),(53,646),0,-1;4,(155,638),(212,641),-1,-1;4,(155,36),(212,36),-1,-1;4,(53,28),(320,28),-1,-1
Ghestroke	1,(53,674),4;2,(53,0),0;6,(156,337),(156,368),0;4,(53,674),(155,638),1,-1;4,(53,674),(53,646),0,-1;4,(155,638),(212,641),-1,-1;4,(156,368),(210,368),-1,-1;4,(156,337),(210,337),-1,-1;4,(53,0),(155,36),1,-1;4,(155,36),(212,36),-1,-1;4,(53,0),(53,28),0,-1;4,(53,28),(320,28),-1,-1
Zhedescender	8,(883,-173),0;1,(71,689),4;1,(848,689),4;1,(330,674),4;2,(330,0),0;2,(3,0),0;2,(78,-7),0;2,(868,-6),0;6,(434,324),(434,354),1;4,(330,0),(330,28),0,-1;4,(330,0),(433,36),1,-1;4,(3,0),(3,27),0,-1;14,(313,341),(434,324),(434,354),-1;4,(71,689),(130,619),-2,-1;4,(330,674),(433,638),1,-1;4,(330,674),(330,646),0,-1;4,(330,646),(589,646),-1,-1;4,(433,638),(486,638),-1,-1;4,(434,354),(485,354),-1,-1;4,(848,689),(789,619),-2,-1;14,(606,341),(434,324),(434,354),-1;4,(330,28),(589,28),-1,-1;4,(589,28),(922,28),-1,-1;4,(434,324),(533,324),-1,-1;4,(433,36),(486,36),-1,-1
Kadescender	8,(619,-173),0;1,(53,674),4;1,(583,689),4;2,(53,0),0;2,(604,-6),0;6,(210,328),(210,359),0;4,(53,0),(53,28),0,-1;4,(53,0),(155,36),1,-1;4,(53,674),(155,638),1,-1;4,(53,674),(53,646),0,-1;4,(155,638),(212,638),-1,-1;4,(583,689),(521,620),-2,-1;14,(334,345),(210,328),(210,359),-1;4,(53,28),(314,28),-1,-1;4,(314,28),(657,28),-1,-1;4,(155,36),(212,36),-1,-1
Kabashkir	1,(440,674),4;1,(709,689),4;2,(179,0),0;2,(776,0),0;2,(701,-7),0;6,(336,328),(336,359),0;4,(440,674),(440,646),0,-1;4,(440,674),(338,638),1,-1;4,(709,689),(647,620),-2,-1;14,(460,345),(336,359),(336,328),-1;4,(776,0),(776,27),0,-1;4,(179,0),(281,36),1,-1;4,(281,36),(338,36),-1,-1;4,(179,0),(179,28),0,-1;4,(179,28),(440,28),-1,-1;4,(338,638),(281,641),-1,-1
Endescender	8,(707,-173),0;1,(53,674),4;1,(479,674),4;2,(53,0),0;2,(479,0),0;6,(210,337),(210,368),0;4,(53,674),(155,638),1,-1;4,(53,674),(53,646),0,-1;4,(53,646),(314,646),-1,-1;4,(155,638),(212,638),-1,-1;4,(212,638),(580,638),-1,-1;4,(314,646),(479,646),-1,-1;4,(479,646),(740,646),-1,-1;4,(580,638),(638,638),-1,-1;4,(53,0),(155,36),1,-1;4,(155,36),(212,36),-1,-1;4,(212,36),(580,36),-1,-1;4,(580,36),(638,37),-1,-1;4,(53,0),(53,28),0,-1;4,(53,28),(314,28),-1,-1;4,(314,28),(479,28),-1,-1;4,(479,28),(745,29),-1,-1
Ustraightstroke	1,(24,674),4;1,(389,674),4;2,(177,0),0;6,(513,252),(513,284),1;4,(177,0),(289,36),1,-1;4,(289,36),(347,36),-1,-1;4,(177,0),(177,28),0,-1;4,(177,28),(459,28),-1,-1;4,(513,252),(291,252),-1,-1;4,(513,284),(122,284),-1,-1;4,(24,674),(106,638),1,-1;4,(24,674),(24,646),0,-1;4,(24,646),(271,646),-1,-1;4,(106,638),(167,638),-1,-1;14,(329,303),(177,0),(24,674),-1;4,(389,674),(492,637),1,-1;4,(389,674),(389,646),0,-1;4,(389,646),(615,646),-1,-1;4,(492,637),(528,637),-1,-1
Hadescender	8,(594,-173),0;1,(27,674),4;1,(384,674),4;2,(16,0),0;2,(376,0),0;4,(16,0),(16,28),0,-1;4,(16,0),(105,37),1,-1;4,(27,674),(116,638),1,-1;4,(27,674),(27,646),0,-1;4,(27,646),(277,646),-1,-1;4,(116,638),(176,638),-1,-1;14,(329,383),(105,37),(116,638),-1;4,(176,638),(483,637),-1,-1;4,(277,646),(384,646),-1,-1;4,(384,646),(613,646),-1,-1;4,(483,637),(522,637),-1,-1;4,(105,37),(146,37),-1,-1;4,(146,37),(476,36),-1,-1;4,(476,36),(536,37),-1,-1;4,(16,28),(245,28),-1,-1;4,(245,28),(376,28),-1,-1;4,(376,28),(633,29),-1,-1;14,(313,309),(105,37),(116,638),-1
be	1,(287,475),0;2,(280,-13),0;14,(92,321),(280,-13),(287,475),-1;4,(287,475),(280,445),0,-1;4,(280,-13),(281,17),0,-1
ve	1,(45,472),0;2,(45,0),0;6,(177,232),(177,259),0;4,(45,0),(45,26),0,-1;4,(45,0),(125,36),1,-1;4,(45,472),(125,436),1,-1;4,(45,472),(45,446),0,-1;14,(335,247),(177,259),(177,232),-1;4,(45,472),(179,442),0,-1;4,(45,0),(179,30),0,-1
ghe	1,(45,472),0;2,(45,0),0;4,(45,0),(45,26),0,-1;4,(45,0),(125,36),1,-1;4,(45,472),(125,436),1,-1;4,(45,472),(45,446),0,-1;4,(125,436),(179,442),-1,-1;4,(125,36),(179,36),-1,-1;4,(45,26),(269,26),-1,-1
de	8,(60,-144),0;8,(491,-144),0;1,(147,472),0;2,(77,0),0;4,(77,0),(69,30),0,-1;4,(147,472),(225,435),1,-1;4,(147,472),(147,446),0,-1;4,(147,446),(518,446),-1,-1;4,(225,435),(438,436),-1,-1;4,(69,30),(120,30),-1,-1;4,(120,30),(438,30),-1,-1;4,(147,472),(259,442),0,-1
zhe	1,(76,485),0;1,(665,485),0;1,(263,472),0;2,(263,0),0;2,(18,0),0;2,(723,0),0;2,(669,-7),0;2,(72,-7),0;6,(349,228),(349,256),0;4,(263,0),(263,26),0,-1;4,(263,0),(347,36),1,-1;4,(18,0),(18,25),0,-1;4,(349,228),(392,228),-1,-1;4,(349,256),(392,256),-1,-1;14,(498,244),(392,228),(392,256),-1;4,(498,244),(243,244),-1,-1;4,(76,485),(133,419),-2,-1;4,(263,472),(347,436),1,-1;4,(263,472),(263,446),0,-1;4,(263,446),(478,446),-1,-1;4,(347,436),(394,436),-1,-1;4,(665,485),(608,419),-2,-1;4,(723,0),(723,25),0,-1;4,(347,36),(394,36),-1,-1;4,(263,26),(478,26),-1,-1
ze	1,(209,485),0;2,(195,-13),0;6,(204,237),(200,268),0;4,(195,-13),(199,15),0,-1;4,(209,485),(200,454),0,-1;14,(263,253),(204,237),(200,268),-1
icyr	1,(45,472),0;1,(380,472),0;2,(45,0),0;2,(380,0),0;4,(45,0),(45,26),0,-1;4,(45,0),(125,36),1,-1;4,(45,472),(125,436),1,-1;4,(45,472),(45,446),0,-1;4,(45,446),(259,446),-1,-1;4,(125,436),(175,436),-1,-1;14,(175,103),(45,0),(45,472),-1;4,(380,472),(466,436),1,-1;4,(380,472),(380,446),0,-1;4,(380,446),(595,446),-1,-1;4,(466,436),(514,436),-1,-1;4,(380,0),(466,36),1,-1;4,(466,36),(514,36),-1,-1;4,(380,0),(380,26),0,-1;4,(380,26),(595,26),-1,-1;14,(466,374),(45,0),(45,472),-1;4,(125,36),(175,36),-1,-1;4,(45,26),(259,26),-1,-1
ka	1,(45,472),0;1,(447,485),0;2,(45,0),0;2,(505,0),0;2,(450,-7),0;6,(177,229),(177,257),0;4,(45,0),(45,26),0,-1;4,(45,0),(125,36),1,-1;4,(45,472),(125,436),1,-1;4,(45,472),(45,446),0,-1;4,(45,446),(259,446),-1,-1;4,(125,436),(179,436),-1,-1;4,(447,485),(390,419),-2,-1;14,(278,245),(177,257),(177,229),-1;4,(505,0),(505,25),0,-1;4,(125,36),(179,36),-1,-1;4,(45,26),(259,26),-1,-1
el	1,(135,472),0;2,(81,-9),0;2,(308,0),0;4,(81,-9),(111,42),-2,-1;4,(135,472),(218,435),1,-1;4,(135,472),(135,446),0,-1;4,(135,446),(522,446),-1,-1;4,(218,435),(442,436),-1,-1;4,(308,0),(389,36),1,-1;4,(389,36),(442,36),-1,-1;4,(308,0),(308,26),0,-1;4,(308,26),(522,26),-1,-1;4,(135,472),(253,442),0,-1
em	1,(45,472),0;1,(689,472),0;2,(45,0),0;2,(475,0),0;14,(344,42),(45,0),(45,472),-1;4,(45,472),(154,447),0,-1;4,(45,0),(128,37),1,-1;4,(128,37),(160,37),-1,-1;4,(45,0),(45,26),0,-1;4,(45,26),(243,26),-1,-1;4,(45,472),(128,435),1,-1;4,(45,472),(45,446),0,-1;14,(370,91),(45,0),(45,472),-1;4,(689,472),(689,446),0,-1;4,(689,472),(608,436),1,-1;4,(475,0),(558,36),1,-1;4,(558,36),(608,36),-1,-1;4,(475,0),(475,26),0,-1;4,(475,26),(689,26),-1,-1;4,(154,447),(563,447),-1,-1
en	1,(45,472),0;1,(369,472),0;2,(45,0),0;2,(369,0),0;6,(452,232),(452,262),0;4,(45,0),(45,26),0,-1;4,(45,0),(125,36),1,-1;4,(45,472),(125,436),1,-1;4,(45,472),(45,446),0,-1;4,(45,446),(259,446),-1,-1;4,(125,436),(179,436),-1,-1;4,(369,472),(450,436),1,-1;4,(369,472),(369,446),0,-1;4,(369,446),(583,446),-1,-1;4,(450,436),(503,436),-1,-1;4,(369,0),(450,36),1,-1;4,(450,36),(503,36),-1,-1;4,(369,0),(369,26),0,-1;4,(369,26),(583,26),-1,-1;4,(125,36),(179,36),-1,-1;4,(45,26),(259,26),-1,-1
pe	1,(45,472),0;2,(45,0),0;2,(359,0),0;4,(45,0),(45,26),0,-1;4,(45,0),(125,36),1,-1;4,(45,472),(125,436),1,-1;4,(45,472),(45,446),0,-1;4,(45,446),(574,446),-1,-1;4,(125,436),(493,436),-1,-1;4,(359,0),(440,36),1,-1;4,(440,36),(493,36),-1,-1;4,(359,0),(359,26),0,-1;4,(359,26),(574,26),-1,-1;4,(45,472),(179,442),0,-1;4,(125,36),(179,36),-1,-1;4,(45,26),(260,26),-1,-1
te	1,(41,472),0;2,(148,0),0;4,(41,472),(86,442),0,-1;4,(86,442),(292,442),-1,-1;4,(148,0),(239,36),1,-1;4,(239,36),(292,36),-1,-1;4,(148,0),(148,26),0,-1;4,(148,26),(382,26),-1,-1
ef	1,(364,720),5;1,(237,485),0;1,(470,485),0;2,(230,-243),1;2,(237,-13),0;2,(470,-13),0;4,(230,-243),(230,-217),0,-1;4,(230,-243),(329,-207),1,-1;14,(331,15),(237,-13),(237,485),-1;14,(332,456),(237,485),(237,-13),-1;4,(364,720),(332,665),1,-1;4,(332,665),(243,695),0,-1;4,(332,456),(377,457),-1,-1;4,(331,15),(376,16),-1,-1;4,(329,-207),(378,-207),-1,-1;4,(230,-217),(471,-217),-1,-1;4,(237,-13),(248,17),0,-1;4,(248,17),(459,17),-1,-1;4,(237,485),(248,454),0,-1;4,(248,454),(459,454),-1,-1;4,(332,456),(331,430),0,-1;4,(331,430),(377,430),-1,-1;4,(331,15),(331,42),0,-1;4,(331,42),(377,42),-1,-1
tse	8,(537,-144),0;1,(45,472),0;1,(354,472),0;2,(45,0),0;4,(45,472),(45,446),0,-1;4,(45,446),(259,446),-1,-1;4,(45,472),(125,436),1,-1;4,(125,436),(179,436),-1,-1;4,(45,0),(179,30),0,-1;4,(354,472),(434,436),1,-1;4,(354,472),(354,446),0,-1;4,(354,446),(568,446),-1,-1;4,(434,436),(487,436),-1,-1;4,(179,30),(487,30),-1,-1;4,(45,0),(45,26),0,-1;4,(45,0),(125,36),1,-1
che	1,(13,472),0;1,(282,472),0;2,(282,0),0;6,(249,194),(262,230),1;4,(13,472),(13,446),0,-1;4,(13,446),(216,446),-1,-1;4,(13,472),(84,437),1,-1;4,(84,437),(134,436),-1,-1;4,(282,472),(363,436),1,-1;4,(282,472),(282,446),0,-1;4,(282,446),(496,446),-1,-1;4,(363,436),(416,436),-1,-1;4,(282,0),(363,36),1,-1;4,(363,36),(416,36),-1,-1;4,(282,0),(282,26),0,-1;4,(282,26),(496,26),-1,-1
sha	1,(45,472),0;1,(327,472),0;1,(607,472),0;2,(45,0),0;4,(45,0),(45,26),0,-1;4,(45,0),(125,36),1,-1;4,(45,472),(125,437),1,-1;4,(45,472),(45,446),0,-1;4,(45,446),(256,446),-1,-1;4,(125,437),(177,436),-1,-1;4,(45,0),(177,30),0,-1;4,(327,472),(406,437),1,-1;4,(327,472),(327,446),0,-1;4,(327,446),(536,446),-1,-1;4,(406,437),(457,436),-1,-1;4,(177,30),(457,30),-1,-1;4,(607,472),(686,436),1,-1;4,(607,472),(607,446),0,-1;4,(607,446),(818,446),-1,-1;4,(686,436),(738,436),-1,-1;4,(125,36),(738,36),-1,-1;4,(45,26),(818,26),-1,-1
shcha	1,(45,472),0;1,(327,472),0;1,(607,472),0;2,(45,0),0;4,(45,0),(45,26),0,-1;4,(45,0),(125,36),1,-1;4,(45,472),(125,436),1,-1;4,(45,472),(45,446),0,-1;4,(45,446),(256,446),-1,-1;4,(125,436),(177,436),-1,-1;4,(45,0),(177,30),0,-1;4,(327,472),(406,436),1,-1;4,(327,472),(327,446),0,-1;4,(327,446),(536,446),-1,-1;4,(406,436),(457,436),-1,-1;4,(177,30),(457,30),-1,-1;4,(607,472),(686,436),1,-1;4,(607,472),(607,446),0,-1;4,(607,446),(818,446),-1,-1;4,(686,436),(738,436),-1,-1;4,(457,30),(738,30),-1,-1
hard	1,(43,472),0;1,(377,472),0;2,(144,0),0;6,(366,254),(373,285),0;4,(144,0),(144,26),0,-1;4,(144,0),(235,36),1,-1;4,(43,472),(86,442),0,-1;4,(377,472),(377,446),0,-1;4,(377,472),(288,436),1,-1;4,(144,0),(288,29),0,-1
yeru	1,(52,472),0;1,(471,472),0;2,(471,0),0;2,(52,0),0;6,(184,281),(184,250),0;4,(471,0),(471,26),0,-1;4,(471,0),(551,36),1,-1;4,(471,472),(551,436),1,-1;4,(471,472),(471,446),0,-1;4,(471,446),(685,446),-1,-1;4,(551,436),(605,436),-1,-1;4,(551,36),(605,36),-1,-1;4,(471,26),(685,26),-1,-1;4,(52,0),(52,26),0,-1;4,(52,0),(133,36),1,-1;4,(52,472),(133,436),1,-1;4,(52,472),(52,446),0,-1;4,(52,446),(266,446),-1,-1;4,(133,436),(186,436),-1,-1;4,(52,26),(186,29),-1,-1
soft	1,(52,472),0;2,(52,0),0;6,(268,254),(279,285),0;4,(52,0),(52,26),0,-1;4,(52,0),(133,36),1,-1;4,(52,472),(133,436),1,-1;4,(52,472),(52,446),0,-1;4,(52,446),(266,446),-1,-1;4,(133,436),(186,436),-1,-1;4,(52,26),(186,29),-1,-1
ecyr	1,(215,485),0;2,(203,-13),0;6,(378,229),(378,259),0;6,(147,225),(147,263),1;4,(215,485),(208,454),0,-1;4,(203,-13),(203,17),0,-1
yu	1,(516,485),0;1,(45,472),0;2,(516,-13),0;2,(45,0),0;6,(302,232),(303,262),1;4,(45,0),(125,36),1,-1;4,(125,36),(179,36),-1,-1;4,(45,0),(45,26),0,-1;4,(45,26),(259,26),-1,-1;4,(45,472),(125,436),1,-1;4,(45,472),(45,446),0,-1;4,(45,446),(259,446),-1,-1;4,(125,436),(179,436),-1,-1;4,(516,-13),(516,17),1,-1;4,(516,485),(516,454),1,-1
ya	1,(474,472),0;2,(260,0),0;2,(16,0),0;2,(73,-7),0;6,(343,212),(343,239),0;4,(474,472),(341,442),0,-1;4,(16,0),(16,25),0,-1;14,(224,221),(343,239),(343,212),-1;4,(474,472),(474,446),0,-1;4,(474,472),(394,436),1,-1;4,(260,0),(341,36),1,-1;4,(341,36),(394,36),-1,-1;4,(260,0),(260,26),0,-1;4,(260,26),(474,26),-1,-1
ieukran	1,(281,485),0;2,(269,-13),0;6,(362,228),(362,265),1;4,(281,485),(280,454),0,-1;4,(269,-13),(277,25),1,-1
be.srb	2,(263,-13),0;14,(263,446),(263,-13),(430,718),-1;4,(263,446),(233,461),-1,-1;4,(263,-13),(267,17),0,-1
A.sc	1,(269,559),2;2,(10,0),0;2,(345,0),0;4,(10,0),(10,27),0,-1;4,(10,0),(83,35),1,-1;4,(345,0),(437,35),1,-1;4,(437,35),(493,34),-1,-1;4,(345,0),(345,27),0,-1;4,(345,27),(571,27),-1,-1;14,(182,219),(10,0),(269,559),-1;4,(182,219),(171,189),0,-1;4,(83,35),(117,35),-1,-1;4,(10,27),(198,27),-1,-1
B.sc	1,(64,554),2;2,(64,0),0;6,(207,272),(207,302),0;4,(64,554),(152,520),1,-1;4,(64,554),(64,527),0,-1;14,(344,289),(207,302),(207,272),-1;4,(64,0),(64,27),0,-1;4,(64,0),(152,34),1,-1;4,(64,527),(208,523),-1,-1;4,(64,27),(208,30),-1,-1
C.sc	1,(359,565),2;2,(358,-12),0;4,(358,-12),(360,20),0,-1;4,(359,565),(365,534),0,-1
D.sc	1,(64,554),2;2,(64,0),0;4,(64,554),(152,520),1,-1;4,(64,554),(64,527),0,-1;4,(64,0),(64,27),-2,-1;4,(64,0),(152,34),1,-1;4,(152,34),(208,30),-1,-1;4,(152,520),(208,523),-1,-1
E.sc	1,(488,554),2;1,(64,554),2;2,(64,0),0;2,(503,0),0;6,(207,266),(207,296),0;4,(488,554),(442,522),1,-1;4,(442,522),(152,520),-1,-1;4,(64,554),(64,527),0,-1;4,(503,0),(457,32),1,-1;4,(64,0),(64,27),0,-1;4,(457,32),(152,34),-1,-1
F.sc	1,(64,554),2;2,(64,0),0;6,(460,415),(399,376),0;6,(207,266),(207,296),0;4,(64,554),(152,520),1,-1;4,(64,554),(64,527),0,-1;4,(152,520),(208,522),-1,-1;4,(207,266),(371,183),-2,-1;4,(64,0),(152,34),1,-1;4,(152,34),(208,34),-1,-1;4,(64,0),(64,27),0,-1;4,(64,27),(299,27),-1,-1
G.sc	1,(360,565),2;2,(358,-12),0;6,(392,236),(392,262),0;4,(360,565),(365,534),1,-1;4,(358,-12),(366,21),1,-1;4,(392,262),(491,230),0,-1;4,(392,236),(607,236),-1,-1;4,(491,230),(547,231),-1,-1
H.sc	1,(64,554),2;1,(435,554),2;2,(64,0),0;2,(435,0),0;6,(207,273),(207,302),0;4,(64,554),(152,520),1,-1;4,(64,554),(64,527),0,-1;4,(64,527),(295,527),-1,-1;4,(152,520),(208,520),-1,-1;4,(208,520),(522,520),-1,-1;4,(295,527),(435,527),-1,-1;4,(435,527),(665,527),-1,-1;4,(522,520),(578,520),-1,-1;4,(64,0),(152,34),1,-1;4,(152,34),(208,34),-1,-1;4,(208,34),(522,34),-1,-1;4,(522,34),(578,34),-1,-1;4,(64,0),(64,27),0,-1;4,(64,27),(295,27),-1,-1;4,(295,27),(435,27),-1,-1;4,(435,27),(665,27),-1,-1
I.sc	1,(64,554),2;2,(64,0),0;4,(64,554),(152,520),1,-1;4,(64,554),(64,527),0,-1;4,(64,527),(295,527),-1,-1;4,(152,520),(208,520),-1,-1;4,(64,0),(152,34),1,-1;4,(152,34),(208,34),-1,-1;4,(64,0),(64,27),0,-1;4,(64,27),(295,27),-1,-1
J.sc	1,(64,554),2;6,(48,-129),(103,-97),1;4,(64,554),(64,527),0,-1;4,(64,527),(303,527),-1,-1;4,(64,554),(159,520),1,-1;4,(159,520),(217,520),-1,-1;4,(103,-97),(29,-66),-2,-1
K.sc	1,(64,554),2;1,(381,554),2;2,(64,0),0;2,(387,0),0;4,(64,554),(152,520),1,-1;4,(64,554),(64,527),0,-1;4,(64,527),(295,527),-1,-1;4,(152,520),(206,520),-1,-1;14,(205,224),(64,0),(64,554),-1;4,(206,520),(460,517),-1,-1;4,(295,527),(381,527),-1,-1;4,(381,527),(580,527),-1,-1;4,(460,517),(502,519),-1,-1;14,(342,336),(387,0),(381,554),-1;4,(64,0),(152,34),1,-1;4,(152,34),(206,34),-1,-1;4,(206,34),(466,34),-1,-1;4,(466,34),(523,34),-1,-1;4,(64,0),(64,27),0,-1;4,(64,27),(295,27),-1,-1;4,(295,27),(387,27),-1,-1;4,(387,27),(598,27),-1,-1;14,(308,297),(387,0),(381,554),-1;14,(205,180),(64,0),(64,554),-1
L.sc	1,(64,554),2;2,(64,0),0;4,(64,554),(152,520),1,-1;4,(64,554),(64,527),0,-1;4,(64,527),(295,527),-1,-1;4,(152,520),(208,520),-1,-1;4,(64,0),(152,34),1,-1;4,(152,34),(208,32),-1,-1;4,(64,0),(64,27),0,-1
M.sc	1,(48,554),2;1,(606,554),2;2,(52,0),0;2,(528,0),0;4,(52,0),(52,27),0,-1;4,(52,0),(131,35),1,-1;4,(48,554),(131,520),1,-1;4,(48,554),(48,527),0,-1;14,(399,70),(52,0),(48,554),-1;4,(606,554),(754,527),0,-1;4,(131,520),(667,520),-1,-1;4,(528,0),(611,34),1,-1;4,(611,34),(667,34),-1,-1;4,(528,0),(528,27),0,-1;4,(528,27),(754,27),-1,-1;14,(160,492),(52,0),(48,554),-1;4,(160,492),(614,490),-1,-1;4,(131,35),(164,35),-1,-1;4,(52,27),(244,27),-1,-1
N.sc	1,(416,554),2;1,(52,554),2;2,(521,-6),0;2,(53,0),0;4,(53,0),(53,27),0,-1;4,(53,0),(130,35),1,-1;4,(52,554),(127,521),1,-1;4,(52,554),(52,527),0,-1;14,(510,97),(416,554),(521,-6),-1;4,(127,521),(510,519),-1,-1;4,(52,527),(416,527),-1,-1;4,(416,527),(621,527),-1,-1;4,(510,519),(543,519),-1,-1;14,(163,473),(53,0),(52,554),-1;4,(130,35),(163,35),-1,-1;4,(53,27),(258,27),-1,-1
O.sc	1,(330,565),2;2,(330,-12),0;4,(330,-12),(330,20),0,-1;4,(330,565),(330,534),0,-1
P.sc	1,(64,554),2;2,(64,0),0;6,(207,225),(207,254),0;4,(64,554),(152,520),1,-1;4,(64,554),(64,527),0,-1;4,(64,0),(152,34),1,-1;4,(152,34),(208,34),-1,-1;4,(64,0),(64,27),0,-1;4,(64,27),(299,27),-1,-1;4,(64,527),(208,523),-1,-1
Q.sc	1,(330,565),2;2,(298,-10),0;2,(351,-11),0;6,(452,-172),(469,-138),0;4,(351,-11),(330,20),0,-1;4,(330,565),(330,534),0,-1
R.sc	1,(64,554),2;2,(295,0),0;2,(510,-6),0;2,(570,0),0;6,(207,257),(207,286),0;4,(64,554),(152,520),1,-1;4,(64,554),(64,527),0,-1;14,(355,266),(207,286),(207,257),-1;4,(510,-6),(570,27),1,-1;4,(570,27),(493,33),-1,-1;4,(295,0),(208,34),1,-1;4,(295,0),(295,27),0,-1;4,(295,27),(64,27),-1,-1;4,(208,34),(152,34),-1,-1;4,(152,520),(208,523),-1,-1
S.sc	1,(256,565),2;2,(226,-12),0;4,(226,-12),(224,20),1,-1;14,(375,132),(226,-12),(256,565),-1;4,(256,565),(254,534),1,-1;14,(123,432),(256,565),(226,-12),-1
T.sc	1,(33,554),2;2,(144,0),0;4,(33,554),(240,522),1,-1;4,(240,522),(297,522),-1,-1;4,(144,0),(240,34),1,-1;4,(240,34),(297,34),-1,-1;4,(144,0),(144,27),0,-1;4,(144,27),(393,27),-1,-1
U.sc	1,(56,554),2;1,(412,554),2;2,(339,-12),0;4,(339,-12),(345,32),1,-1;4,(56,554),(134,520),1,-1;4,(134,520),(190,519),-1,-1;4,(190,519),(509,518),-1,-1;4,(56,554),(56,527),0,-1;4,(56,527),(283,527),-1,-1;4,(283,527),(412,527),-1,-1;4,(412,527),(619,527),-1,-1;4,(509,518),(541,519),-1,-1
V.sc	1,(10,554),2;1,(372,554),2;2,(283,-6),0;4,(10,554),(86,520),1,-1;4,(10,554),(10,527),0,-1;4,(10,527),(232,525),-1,-1;4,(86,520),(142,519),-1,-1;14,(303,77),(372,554),(283,-6),-1;4,(142,519),(458,519),-1,-1;4,(232,525),(372,525),-1,-1;4,(372,525),(572,527),-1,-1;4,(458,519),(494,519),-1,-1
W.sc	1,(331,554),2;1,(638,554),2;1,(17,554),2;2,(251,-6),0;2,(582,-6),0;4,(17,554),(95,520),1,-1;4,(17,554),(17,527),0,-1;4,(17,527),(235,527),-1,-1;4,(95,520),(150,519),-1,-1;14,(274,91),(251,-6),(331,554),-1;4,(150,519),(416,519),-1,-1;4,(235,527),(331,527),-1,-1;4,(331,527),(548,527),-1,-1;4,(416,519),(459,519),-1,-1;14,(600,89),(582,-6),(638,554),-1;4,(459,519),(721,519),-1,-1;4,(548,527),(638,527),-1,-1;4,(638,527),(836,527),-1,-1;4,(721,519),(754,519),-1,-1
X.sc	1,(28,554),2;1,(341,554),2;2,(19,0),0;2,(331,0),0;4,(19,0),(19,27),0,-1;4,(19,0),(99,35),1,-1;4,(28,554),(107,520),1,-1;4,(28,554),(28,527),0,-1;4,(28,527),(251,527),-1,-1;4,(107,520),(166,520),-1,-1;14,(294,318),(99,35),(107,520),-1;4,(166,520),(424,519),-1,-1;4,(251,527),(341,527),-1,-1;4,(341,527),(541,527),-1,-1;4,(424,519),(461,519),-1,-1;4,(99,35),(136,35),-1,-1;4,(136,35),(415,34),-1,-1;4,(415,34),(474,34),-1,-1;4,(19,27),(219,27),-1,-1;4,(219,27),(331,27),-1,-1;4,(331,27),(553,27),-1,-1;14,(278,250),(99,35),(107,520),-1
Y.sc	1,(28,554),2;1,(348,554),2;2,(161,0),0;4,(161,0),(161,27),0,-1;4,(161,0),(257,34),1,-1;4,(28,554),(99,521),1,-1;4,(28,554),(28,527),0,-1;4,(28,527),(249,527),-1,-1;4,(99,521),(160,520),-1,-1;14,(297,252),(257,34),(99,521),-1;4,(160,520),(434,519),-1,-1;4,(249,527),(348,527),-1,-1;4,(348,527),(545,527),-1,-1;4,(434,519),(469,519),-1,-1;4,(257,34),(314,34),-1,-1;4,(161,27),(410,27),-1,-1
Z.sc	1,(451,554),2;2,(31,0),0;4,(31,0),(96,32),1,-1;4,(96,32),(31,24),-1,-1;4,(451,554),(387,522),1,-1;4,(387,522),(451,529),-1,-1
AE.sc	1,(295,554),2;2,(321,0),0;2,(198,0),0;4,(321,0),(321,27),0,-1;4,(321,27),(198,27),-1,-1;4,(198,27),(10,27),-1,-1;4,(321,0),(461,32),1,-1;4,(461,32),(405,34),-1,-1;4,(405,34),(122,35),-1,-1;4,(122,35),(84,35),-1,-1;4,(295,554),(461,522),1,-1;4,(461,522),(407,518),-1,-1;4,(407,518),(360,520),-1,-1;4,(295,554),(295,527),0,-1;14,(460,266),(198,0),(295,554),-1;4,(460,266),(460,296),0,-1;14,(407,210),(198,0),(295,554),-1;4,(407,210),(407,239),0,-1
Germandbls.sc	1,(370,565),2;2,(64,0),0;2,(441,-12),0;6,(520,527),(520,510),0;4,(64,0),(64,27),0,-1;4,(64,0),(152,34),1,-1;14,(431,387),(370,565),(441,-12),-1;4,(441,-12),(437,18),0,-1;14,(544,114),(441,-12),(370,565),-1;14,(487,517),(520,527),(520,510),-1;4,(370,565),(371,534),1,-1
Hbar.sc	1,(58,554),2;1,(428,554),2;2,(58,0),0;2,(428,0),0;6,(516,395),(516,425),1;6,(516,256),(516,286),1;4,(516,395),(146,395),-1,-1;4,(516,425),(43,425),-1,-1;4,(58,554),(145,520),1,-1;4,(58,554),(58,527),0,-1;4,(58,527),(288,527),-1,-1;4,(145,520),(201,520),-1,-1;4,(428,554),(515,520),1,-1;4,(428,554),(428,527),0,-1;4,(428,527),(659,527),-1,-1;4,(515,520),(571,520),-1,-1;4,(516,425),(570,425),-1,-1;4,(516,395),(674,395),-1,-1;4,(428,0),(515,34),1,-1;4,(515,34),(571,34),-1,-1;4,(428,0),(428,27),0,-1;4,(428,27),(659,27),-1,-1;4,(58,0),(145,34),1,-1;4,(145,34),(201,34),-1,-1;4,(58,0),(58,27),0,-1;4,(58,27),(288,27),-1,-1
Lslash.sc	1,(64,555),2;2,(64,1),0;14,(207,254),(64,1),(64,555),-1;4,(64,1),(152,35),1,-1;4,(152,35),(208,33),-1,-1;4,(64,1),(64,28),0,-1;4,(207,254),(153,226),-1,-1;4,(207,254),(207,291),1,-1;4,(207,291),(153,264),-1,-1;4,(64,555),(152,521),1,-1;4,(64,555),(64,528),0,-1;4,(64,528),(295,528),-1,-1;4,(152,521),(208,521),-1,-1
Oslash.sc	1,(555,570),2;1,(330,565),2;2,(103,-15),0;2,(330,-12),0;4,(330,-12),(330,20),0,-1;4,(330,565),(330,534),0,-1;14,(170,116),(330,20),(330,534),-1;14,(488,439),(330,534),(330,20),-1
OE.sc	1,(354,565),2;1,(458,554),2;2,(354,-12),0;2,(458,0),0;6,(489,266),(489,296),0;4,(354,-12),(358,20),1,-1;4,(458,0),(490,32),1,-1;4,(490,32),(434,30),-1,-1;4,(458,554),(490,522),1,-1;4,(490,522),(434,523),-1,-1;4,(354,565),(358,534),1,-1
Uogonek.sc	1,(283,554),2;1,(412,554),2;2,(342,-12),0;6,(423,-181),(442,-145),1;4,(283,554),(283,527),0,-1;4,(283,527),(56,527),-1,-1;4,(283,554),(190,519),1,-1;4,(342,-12),(343,32),1,-1;4,(412,554),(509,519),1,-1;4,(412,554),(412,527),0,-1;4,(412,527),(619,527),-1,-1;4,(509,519),(541,519),-1,-1;4,(190,519),(134,520),-1,-1
Uhorn.sc	1,(56,554),2;1,(412,554),2;2,(339,-12),0;4,(339,-12),(345,32),1,-1;4,(412,554),(509,518),1,-1;4,(412,554),(412,527),0,-1;4,(56,554),(134,520),1,-1;4,(56,554),(56,527),0,-1;4,(134,520),(190,519),-1,-1
Eth.sc	1,(64,554),2;2,(64,0),0;14,(207,299),(64,0),(64,554),-1;4,(207,299),(207,268),0,-1;4,(64,0),(152,34),1,-1;4,(152,34),(208,30),-1,-1;4,(64,554),(152,520),1,-1;4,(152,520),(208,523),-1,-1;4,(64,0),(64,27),0,-1;4,(207,268),(153,268),-1,-1;4,(207,299),(153,299),-1,-1;4,(64,554),(64,527),0,-1
Thorn.sc	1,(64,554),2;2,(64,0),0;4,(64,554),(152,520),1,-1;4,(64,554),(64,527),0,-1;4,(64,527),(299,527),-1,-1;4,(152,520),(208,520),-1,-1;14,(207,443),(64,554),(64,0),-1;14,(207,134),(64,0),(64,554),-1;4,(64,0),(152,34),1,-1;4,(152,34),(208,34),-1,-1;4,(64,0),(64,27),0,-1;4,(64,27),(299,27),-1,-1;4,(207,134),(207,164),0,-1;4,(207,443),(207,413),0,-1
Schwa.sc	1,(291,565),2;2,(307,-12),0;6,(488,268),(487,297),0;4,(291,565),(280,528),1,-1;4,(307,-12),(309,20),1,-1
Gamma.sc	1,(64,554),2;2,(64,0),0;4,(64,0),(64,27),0,-1;4,(64,0),(152,34),1,-1;4,(64,554),(152,520),1,-1;4,(64,554),(64,527),0,-1;4,(152,520),(208,522),-1,-1;4,(152,34),(208,34),-1,-1;4,(64,27),(299,27),-1,-1
Delta.sc	1,(267,559),2;2,(39,0),0;14,(273,493),(39,0),(267,559),-1;4,(39,0),(84,49),-2,-1
Theta.sc	1,(330,565),2;2,(330,-12),0;6,(418,262),(418,300),0;4,(330,-12),(330,20),0,-1;4,(330,565),(330,534),0,-1
Lambda.sc	1,(265,559),2;2,(564,0),0;2,(203,0),0;4,(564,0),(490,34),0,-1;4,(564,0),(564,27),1,-1;4,(564,27),(342,27),-1,-1;4,(490,34),(434,35),-1,0;14,(272,492),(3,0),(265,559),-1;4,(434,35),(112,35),-1,0;4,(342,27),(203,27),-1,-1;4,(203,27),(3,27),-1,-1;4,(112,35),(79,35),-1,0
Xi.sc	1,(73,554),2;2,(482,0),0;6,(378,261),(378,303),0;4,(73,554),(476,414),-2,-1;4,(73,554),(427,507),-2,-1;4,(476,414),(100,414),-1,-1;4,(100,414),(66,414),-1,-1;4,(482,0),(53,139),-2,-1;4,(482,0),(102,47),-2,-1;4,(53,139),(455,139),-1,-1
Pi.sc	1,(65,554),2;2,(64,0),0;2,(425,0),0;4,(65,554),(152,520),1,-1;4,(152,520),(208,521),-1,-1;4,(64,0),(152,34),1,-1;4,(152,34),(208,34),-2,-1;4,(64,0),(64,27),0,-1;4,(64,27),(295,27),-1,-1;4,(65,554),(65,527),0,-1;4,(65,527),(656,527),-1,-1;4,(208,521),(568,520),-1,-1;4,(425,0),(513,34),1,-1;4,(513,34),(568,34),-1,-1;4,(425,0),(425,27),0,-1;4,(425,27),(656,27),-1,-1
Sigma.sc	1,(43,554),2;2,(452,0),0;4,(43,554),(108,522),1,-1;14,(235,276),(31,0),(43,554),-1;4,(235,276),(287,288),-1,-1;4,(452,0),(88,49),-2,-1;4,(43,554),(43,529),0,-1
Phi.sc	1,(206,562),2;2,(206,-6),0;4,(206,562),(295,529),1,-1;4,(295,529),(295,473),-2,-1;4,(206,562),(206,536),0,-1;4,(206,536),(436,536),-1,-1;4,(295,529),(346,528),-1,-1;4,(295,473),(346,473),-1,-1;4,(206,-6),(295,28),1,-1;4,(295,28),(296,93),-2,-1;4,(296,93),(345,93),-1,-1;4,(295,28),(346,28),-1,-1;4,(206,-6),(206,20),0,-1;4,(206,20),(436,20),-1,-1;4,(296,93),(296,123),0,-1;4,(295,473),(296,443),0,-1;4,(296,123),(345,123),-1,-1;4,(296,443),(345,443),-1,-1
Psi.sc	1,(-1,554),2;1,(217,554),2;1,(649,554),2;2,(208,0),0;6,(297,217),(297,247),0;4,(-1,554),(-1,527),0,-1;4,(217,554),(296,520),1,-1;4,(217,554),(217,527),0,-1;4,(217,527),(431,527),-1,-1;4,(296,520),(352,520),-1,-1;4,(297,247),(351,247),-1,-1;4,(649,554),(649,527),0,-1;4,(297,217),(351,217),-1,-1;4,(208,0),(296,34),1,-1;4,(296,34),(352,34),-1,-1;4,(208,0),(208,27),0,-1;4,(208,27),(439,27),-1,-1
Omega.sc	1,(339,565),2;2,(614,0),0;2,(299,0),0;4,(299,0),(299,38),-2,-1;4,(299,38),(250,44),-1,-1;4,(299,38),(381,38),-1,-1;4,(381,38),(430,44),-1,-1;4,(339,565),(339,534),0,-1
zero.sc	1,(234,565),2;2,(234,-11),0;4,(234,-11),(234,19),0,-1;4,(234,565),(234,535),0,-1
one.sc	1,(272,561),2;2,(99,0),0;4,(272,561),(232,509),1,-1;4,(232,509),(106,519),-1,-1;4,(99,0),(230,37),0,-1;4,(230,37),(282,37),-1,-1;4,(99,0),(99,24),0,-1;4,(99,24),(410,24),-1,-1;4,(106,519),(106,492),0,-1
two.sc	1,(225,565),2;2,(61,0),0;4,(61,0),(106,49),-2,-1;4,(106,49),(61,39),-1,-1;4,(225,565),(213,535),0,-1
three.sc	1,(227,565),2;2,(217,-11),0;6,(160,307),(160,275),1;4,(227,565),(219,535),0,-1;14,(265,292),(160,275),(160,307),-1;4,(217,-11),(209,19),0,-1
four.sc	1,(298,561),2;2,(282,0),0;6,(282,180),(282,218),1;4,(282,180),(331,180),-1,-1;4,(282,218),(75,218),-1,-1;4,(75,218),(36,212),-1,-1;4,(282,218),(331,218),-1,-1;14,(282,495),(298,561),(282,0),-1
five.sc	1,(110,554),2;2,(205,-11),0;6,(206,308),(219,344),1;4,(205,-11),(200,19),0,-1;4,(110,554),(138,505),-2,-1
six.sc	1,(389,565),2;2,(237,-11),0;6,(240,300),(251,336),1;4,(389,565),(392,543),1,-1;14,(112,246),(237,-11),(389,565),-1;4,(112,246),(114,275),0,-1;4,(237,-11),(238,19),0,-1
seven.sc	1,(405,554),2;2,(193,0),0;4,(405,554),(364,505),-2,-1;4,(364,505),(405,522),-1,-1
eight.sc	1,(234,565),2;2,(233,-11),0;14,(191,277),(234,565),(233,-11),-1;14,(270,293),(233,-11),(234,565),-1;4,(270,293),(244,304),-1,-1;4,(234,565),(233,535),0,-1;4,(233,-11),(233,18),0,-1;4,(191,277),(216,265),-1,-1
nine.sc	1,(223,565),2;2,(88,-13),0;6,(216,224),(230,260),1;4,(88,-13),(82,11),0,-1;14,(338,273),(88,-13),(223,565),-1;4,(338,273),(343,307),1,-1;4,(223,565),(220,535),0,-1
Be.sc	1,(64,554),2;2,(64,0),0;6,(207,278),(207,309),0;4,(64,0),(64,27),0,-1;4,(64,0),(152,34),1,-1;4,(64,554),(152,520),1,-1;4,(64,554),(64,527),0,-1;4,(64,527),(208,522),-1,-1;4,(64,27),(208,30),-1,-1
De.sc	8,(52,-144),0;1,(152,554),2;2,(69,0),0;4,(69,0),(56,32),1,-1;4,(152,554),(231,519),1,-1;4,(152,554),(152,527),0,-1;4,(152,527),(565,527),-1,-1;4,(231,519),(477,520),-1,-1;4,(56,32),(104,32),-1,-1;4,(104,32),(477,32),-1,-1;4,(52,-144),(527,-144),-1,-1;4,(152,527),(270,522),-1,-1
Zhe.sc	1,(65,567),2;1,(737,567),2;1,(287,554),2;2,(287,0),0;2,(4,0),0;2,(72,-6),0;2,(799,0),0;2,(731,-6),0;6,(376,263),(376,291),1;4,(287,0),(287,27),0,-1;4,(287,0),(375,34),1,-1;4,(4,0),(4,25),0,-1;14,(270,279),(376,263),(376,291),-1;4,(65,567),(118,500),-2,-1;4,(287,554),(375,520),1,-1;4,(287,554),(287,527),0,-1;4,(287,527),(515,527),-1,-1;4,(375,520),(427,520),-1,-1;4,(376,291),(426,291),-1,-1;4,(737,567),(684,500),-2,-1;4,(270,279),(531,279),-1,-1;4,(799,0),(799,25),0,-1;4,(376,263),(426,263),-1,-1;4,(375,34),(427,34),-1,-1;4,(287,27),(515,27),-1,-1
Ze.sc	1,(241,565),2;2,(230,-12),0;6,(223,271),(217,303),1;4,(230,-12),(223,20),1,-1;4,(241,565),(236,534),1,-1;14,(294,289),(217,303),(223,271),-1
Icyr.sc	1,(64,554),2;1,(440,554),2;2,(64,0),0;2,(440,0),0;4,(64,0),(64,27),0,-1;4,(64,0),(152,34),1,-1;4,(64,554),(152,520),1,-1;4,(64,554),(64,527),0,-1;4,(64,527),(295,527),-1,-1;4,(152,520),(208,520),-1,-1;4,(440,554),(529,520),1,-1;4,(440,554),(440,527),0,-1;4,(440,527),(671,527),-1,-1;4,(529,520),(584,520),-1,-1;4,(440,0),(528,34),1,-1;4,(528,34),(584,34),-1,-1;4,(440,0),(440,27),0,-1;4,(440,27),(671,27),-1,-1;4,(152,34),(207,34),-1,-1;4,(64,27),(295,27),-1,-1
Ka.sc	1,(64,554),2;1,(526,567),2;2,(64,0),0;2,(586,0),0;2,(518,-6),0;6,(207,265),(207,294),0;4,(64,0),(64,27),0,-1;4,(64,0),(152,34),1,-1;4,(64,554),(152,520),1,-1;4,(64,554),(64,527),0,-1;4,(64,527),(295,527),-1,-1;4,(152,520),(208,520),-1,-1;4,(526,567),(470,500),-2,-1;14,(315,281),(207,294),(207,265),-1;4,(586,0),(586,25),0,-1;4,(152,34),(208,34),-1,-1;4,(64,27),(295,27),-1,-1
El.sc	1,(147,554),2;2,(67,-12),0;2,(327,0),0;4,(67,-12),(104,42),-2,-1;4,(147,554),(229,519),1,-1;4,(147,554),(147,527),0,-1;4,(147,527),(558,527),-1,-1;4,(229,519),(470,520),-1,-1;4,(327,0),(414,34),1,-1;4,(414,34),(470,34),-1,-1;4,(327,0),(327,27),0,-1;4,(327,27),(558,27),-1,-1;4,(147,527),(263,522),-1,-1
Pe.sc	1,(64,554),2;2,(64,0),0;2,(425,0),0;4,(64,0),(64,27),0,-1;4,(64,0),(152,34),1,-1;4,(64,554),(152,520),1,-1;4,(64,554),(64,527),0,-1;4,(64,527),(655,527),-1,-1;4,(152,520),(208,523),-1,-1;4,(208,523),(567,520),-1,-1;4,(425,0),(511,34),1,-1;4,(511,34),(567,34),-1,-1;4,(425,0),(425,27),0,-1;4,(425,27),(655,27),-1,-1;4,(152,34),(208,34),-1,-1;4,(64,27),(295,27),-1,-1
Ucyr.sc	1,(12,554),2;1,(339,554),2;2,(144,-12),0;4,(12,554),(12,527),0,-1;4,(12,527),(220,527),-1,-1;4,(12,554),(78,520),1,-1;4,(78,520),(137,520),-1,-1;14,(282,197),(144,-12),(12,554),-1;4,(339,554),(418,519),1,-1;4,(339,554),(339,527),0,-1;4,(339,527),(529,527),-1,-1;4,(418,519),(457,519),-1,-1;4,(144,-12),(191,36),-2,-1
Ef.sc	1,(203,562),2;2,(203,-9),0;4,(203,562),(293,528),1,-1;4,(293,528),(293,466),-2,-1;4,(203,562),(203,536),0,-1;4,(203,536),(433,536),-1,-1;4,(293,528),(343,528),-1,-1;4,(293,466),(342,466),-1,-1;4,(203,-9),(293,26),1,-1;4,(293,26),(294,89),-2,-1;4,(294,89),(342,89),-1,-1;4,(293,26),(343,26),-1,-1;4,(203,-9),(203,17),0,-1;4,(203,17),(433,17),-1,-1;4,(294,89),(294,118),0,-1;4,(293,466),(294,438),0,-1;4,(294,118),(342,118),-1,-1;4,(294,438),(342,438),-1,-1
Tse.sc	1,(64,554),2;1,(419,554),2;2,(64,0),0;4,(64,0),(152,34),0,-1;4,(64,554),(64,527),1,-1;4,(64,527),(295,527),-1,-1;4,(152,34),(208,32),-1,-1;4,(208,32),(506,32),-1,-1;4,(295,527),(419,527),-1,-1;4,(419,527),(650,527),-1,-1;4,(506,32),(562,32),-1,-1;4,(562,32),(654,32),-1,-1
Che.sc	1,(43,554),2;1,(352,554),2;2,(352,0),0;6,(296,230),(310,267),0;4,(43,554),(43,527),0,-1;4,(43,527),(265,527),-1,-1;4,(43,554),(122,520),1,-1;4,(122,520),(178,520),-1,-1;4,(178,520),(439,520),-1,-1;4,(265,527),(352,527),-1,-1;4,(352,527),(583,527),-1,-1;4,(439,520),(496,520),-1,-1;4,(352,0),(439,34),1,-1;4,(439,34),(496,34),-1,-1;4,(352,0),(352,27),0,-1;4,(352,27),(583,27),-1,-1
Sha.sc	1,(63,554),2;1,(367,554),2;1,(665,554),2;2,(63,0),0;4,(63,0),(63,27),0,-1;4,(63,0),(151,34),1,-1;4,(63,554),(151,520),1,-1;4,(63,554),(63,527),0,-1;4,(63,527),(290,527),-1,-1;4,(151,520),(208,520),-1,-1;4,(151,34),(208,32),-1,-1;4,(208,32),(450,32),-1,-1;4,(208,520),(450,520),-1,-1;4,(290,527),(367,527),-1,-1;4,(367,527),(589,527),-1,-1;4,(450,520),(506,520),-1,-1;4,(450,32),(506,32),-1,-1;4,(506,32),(748,32),-1,-1;4,(506,520),(748,520),-1,-1;4,(589,527),(665,527),-1,-1;4,(665,527),(893,527),-1,-1;4,(748,520),(805,520),-1,-1;4,(748,32),(805,34),-1,0;4,(63,27),(893,27),-1,-1
Shcha.sc	8,(855,-144),0;1,(63,554),2;1,(367,554),2;1,(665,554),2;2,(63,0),0;4,(63,0),(63,27),0,-1;4,(63,0),(151,34),1,-1;4,(63,554),(151,520),1,-1;4,(63,554),(63,527),0,-1;4,(63,527),(290,527),-1,-1;4,(151,520),(208,520),-1,-1;4,(151,34),(208,32),-1,-1;4,(208,32),(450,32),-1,-1;4,(208,520),(450,520),-1,-1;4,(290,527),(367,527),-1,-1;4,(367,527),(589,527),-1,-1;4,(450,520),(506,520),-1,-1;4,(450,32),(506,32),-1,-1;4,(506,32),(748,32),-1,-1;4,(506,520),(748,520),-1,-1;4,(589,527),(665,527),-1,-1;4,(665,527),(893,527),-1,-1;4,(748,520),(805,520),-1,-1;4,(748,32),(805,32),-1,-1;4,(805,32),(897,32),-1,-1
Hard.sc	1,(393,554),2;2,(158,0),0;6,(300,283),(300,314),0;4,(158,0),(158,27),0,-1;4,(158,0),(245,34),1,-1;4,(393,554),(301,520),1,-1;4,(301,520),(245,522),-1,-1;4,(393,554),(393,527),0,-1;4,(158,27),(301,30),-1,-1
Yeru.sc	1,(64,554),2;1,(528,554),2;2,(528,0),0;2,(64,0),0;6,(207,283),(207,314),1;4,(64,0),(64,27),0,-1;4,(64,0),(152,34),1,-1;4,(64,554),(152,520),1,-1;4,(64,554),(64,527),0,-1;4,(64,527),(304,527),-1,-1;4,(152,520),(208,519),-1,-1;4,(528,0),(528,27),0,-1;4,(528,0),(616,34),1,-1;4,(528,554),(616,520),0,-1;4,(528,554),(528,527),0,-1;4,(528,527),(759,527),-1,-1;4,(616,520),(672,520),-1,-1;4,(616,34),(672,34),-1,-1;4,(528,27),(759,27),-1,-1;4,(64,27),(208,30),-1,-1
Soft.sc	1,(64,554),2;2,(64,0),0;6,(207,283),(207,313),0;4,(64,0),(64,27),0,-1;4,(64,0),(152,34),1,-1;4,(64,554),(152,520),1,-1;4,(64,554),(64,527),0,-1;4,(64,527),(304,527),-1,-1;4,(152,520),(208,519),-1,-1;4,(64,27),(208,30),-1,-1
Ecyr.sc	1,(237,565),2;2,(237,-12),0;6,(453,265),(453,295),0;4,(237,-12),(239,20),1,-1;4,(237,565),(233,534),1,-1
Yu.sc	1,(64,554),2;1,(584,565),2;2,(64,0),0;2,(584,-12),0;6,(339,273),(339,302),0;4,(64,0),(152,34),1,-1;4,(152,34),(205,34),-1,-1;4,(64,0),(64,27),0,-1;4,(64,27),(293,27),-1,-1;4,(64,554),(152,520),1,-1;4,(64,554),(64,527),0,-1;4,(64,527),(293,527),-1,-1;4,(152,520),(205,520),-1,-1;4,(584,-12),(584,20),1,-1;4,(584,565),(584,534),1,-1
Ya.sc	1,(523,554),2;2,(9,0),0;2,(293,0),0;2,(74,-7),0;6,(381,253),(381,283),0;4,(523,554),(523,527),0,-1;4,(523,527),(379,523),-1,-1;4,(9,0),(9,27),0,-1;14,(232,265),(381,283),(381,253),-1;4,(523,554),(436,520),1,-1;4,(293,0),(379,34),1,-1;4,(379,34),(436,34),-1,-1;4,(293,0),(293,27),0,-1;4,(293,27),(523,27),-1,-1
Dje.sc	1,(33,554),2;2,(136,0),0;6,(404,-49),(397,-23),0;6,(286,278),(286,308),0;4,(33,554),(78,522),1,-1;4,(78,522),(288,522),-1,-1;4,(136,0),(136,27),0,-1;4,(136,0),(232,34),1,-1
Ieukran.sc	1,(342,565),2;2,(343,-12),0;6,(323,265),(323,295),0;4,(342,565),(349,534),1,-1;4,(343,-12),(345,20),1,-1
Lje.sc	1,(147,554),2;2,(64,-12),0;2,(327,0),0;6,(469,283),(469,314),0;4,(64,-12),(104,42),-2,-1;4,(147,554),(229,519),1,-1;4,(147,554),(147,527),0,-1;4,(147,527),(558,527),-1,-1;4,(229,519),(470,520),-1,-1;4,(327,0),(327,27),0,-1;4,(327,0),(414,34),1,-1;4,(147,527),(263,522),-1,-1;4,(327,27),(470,30),-1,-1
Nje.sc	1,(64,554),2;1,(410,554),2;2,(64,0),0;2,(410,0),0;6,(498,283),(498,313),0;4,(64,0),(152,34),1,-1;4,(152,34),(208,34),-1,-1;4,(64,0),(64,27),0,-1;4,(64,27),(295,27),-1,-1;4,(64,554),(152,520),1,-1;4,(64,554),(64,527),0,-1;4,(64,527),(295,527),-1,-1;4,(152,520),(208,520),-1,-1;4,(410,554),(497,520),1,-1;4,(410,554),(410,527),0,-1;4,(410,527),(650,527),-1,-1;4,(497,520),(554,519),-1,-1;4,(498,313),(552,315),-1,-1;4,(410,0),(410,27),0,-1;4,(410,0),(497,34),1,-1;4,(410,27),(554,30),-1,-1;4,(498,283),(552,284),-1,-1
Tshe.sc	1,(33,554),2;2,(144,0),0;2,(655,0),0;6,(295,283),(295,312),0;4,(33,554),(78,522),1,-1;4,(78,522),(297,522),-1,-1;4,(655,0),(586,34),1,-1;4,(655,0),(655,27),0,-1;4,(144,0),(240,34),1,-1;4,(240,34),(297,34),-1,-1;4,(144,0),(144,27),0,-1;4,(144,27),(387,27),-1,-1
Dzhe.sc	8,(339,-167),0;1,(64,554),2;1,(418,554),2;2,(64,0),0;4,(64,0),(64,27),0,-1;4,(64,0),(152,34),1,-1;4,(64,554),(152,520),1,-1;4,(64,554),(64,527),0,-1;4,(64,527),(295,527),-1,-1;4,(152,520),(208,520),-1,-1;4,(152,34),(208,32),-1,-1;4,(418,554),(506,520),1,-1;4,(418,554),(418,527),0,-1;4,(418,527),(650,527),-1,-1;4,(506,520),(562,520),-1,-1;4,(208,32),(562,34),-1,-1;4,(64,27),(650,27),-1,-1
Fita.sc	1,(330,565),2;2,(330,-12),0;6,(530,271),(530,301),0;4,(330,565),(330,534),1,-1;4,(330,-12),(330,20),1,-1
Gheup.sc	8,(443,670),0;1,(64,554),2;2,(64,0),0;4,(64,0),(64,27),0,-1;4,(64,0),(152,34),1,-1;4,(64,554),(152,520),1,-1;4,(64,554),(64,527),0,-1;4,(152,520),(208,522),-1,-1;4,(152,34),(208,34),-1,-1;4,(64,27),(299,27),-1,-1
Ghestroke.sc	1,(64,554),2;2,(64,0),0;6,(153,273),(153,302),0;4,(64,554),(152,520),1,-1;4,(64,554),(64,527),0,-1;4,(152,520),(208,522),-1,-1;4,(153,302),(207,302),-1,-1;4,(153,273),(207,273),-1,-1;4,(64,0),(152,34),1,-1;4,(152,34),(208,34),-1,-1;4,(64,0),(64,27),0,-1;4,(64,27),(299,27),-1,-1
Kadescender.sc	8,(549,-144),0;1,(64,554),2;1,(526,567),2;2,(64,0),0;2,(535,-6),0;6,(207,265),(207,294),0;4,(64,0),(64,27),0,-1;4,(64,0),(152,34),1,-1;4,(64,554),(152,520),1,-1;4,(64,554),(64,527),0,-1;4,(64,527),(295,527),-1,-1;4,(152,520),(208,520),-1,-1;4,(526,567),(470,500),-2,-1;14,(315,281),(207,294),(207,265),-1;4,(64,27),(587,26),-1,-1;4,(152,34),(295,27),-1,-1;4,(64,27),(295,0),-1,-1
Endescender.sc	8,(629,-144),0;1,(64,554),2;1,(435,554),2;2,(64,0),0;2,(435,0),0;6,(207,273),(207,302),0;4,(64,554),(152,520),1,-1;4,(64,554),(64,527),0,-1;4,(64,527),(295,527),-1,-1;4,(152,520),(208,520),-1,-1;4,(208,520),(522,520),-1,-1;4,(295,527),(435,527),-1,-1;4,(435,527),(665,527),-1,-1;4,(522,520),(578,520),-1,-1;4,(64,0),(152,34),1,-1;4,(152,34),(208,34),-1,-1;4,(208,34),(522,34),-1,-1;4,(522,34),(578,35),-1,-1;4,(64,0),(64,27),0,-1;4,(64,27),(295,27),-1,-1;4,(295,27),(435,27),-1,-1;4,(435,27),(666,28),-1,-1
Ustraightstroke.sc	1,(28,554),2;1,(348,554),2;2,(161,0),0;6,(457,204),(457,235),1;4,(161,0),(257,34),1,-1;4,(257,34),(314,34),-1,-1;4,(161,0),(161,27),0,-1;4,(161,27),(410,27),-1,-1;4,(457,204),(259,204),-1,-1;4,(457,235),(111,235),-1,-1;4,(28,554),(99,521),1,-1;4,(28,554),(28,527),0,-1;4,(28,527),(249,527),-1,-1;4,(99,521),(160,520),-1,-1;14,(297,252),(161,0),(28,554),-1;4,(348,554),(434,519),1,-1;4,(348,554),(348,527),0,-1;4,(348,527),(545,527),-1,-1;4,(434,519),(469,519),-1,-1
Hadescender.sc	8,(520,-144),0;1,(28,554),2;1,(341,554),2;2,(19,0),0;2,(331,0),0;4,(19,0),(19,27),0,-1;4,(19,0),(99,35),1,-1;4,(28,554),(107,520),1,-1;4,(28,554),(28,527),0,-1;4,(28,527),(251,527),-1,-1;4,(107,520),(166,520),-1,-1;14,(294,318),(99,35),(107,520),-1;4,(166,520),(424,519),-1,-1;4,(251,527),(341,527),-1,-1;4,(341,527),(541,527),-1,-1;4,(424,519),(461,519),-1,-1;4,(99,35),(136,35),-1,-1;4,(136,35),(415,34),-1,-1;4,(415,34),(474,35),-1,-1;4,(19,27),(219,27),-1,-1;4,(219,27),(331,27),-1,-1;4,(331,27),(557,28),-1,-1;14,(278,250),(99,35),(107,520),-1
