# Glyph name	TT hints
A	1,(307,684),4;2,(12,0),0;2,(403,0),0;4,(12,0),(12,20),0,-1;4,(12,0),(93,26),1,-1;4,(403,0),(516,26),1,-1;4,(516,26),(547,25),-1,-1;4,(403,0),(403,20),0,-1;4,(403,20),(651,20),-1,-1;14,(198,267),(307,684),(93,26),0;4,(198,267),(192,247),0,-1;4,(93,26),(122,25),-1,-1;4,(12,20),(210,20),-1,-1;4,(307,684),(315,636),-1,-1
B	1,(58,677),4;1,(297,677),4;2,(58,0),0;2,(313,0),0;6,(197,343),(197,363),0;4,(58,677),(165,651),1,-1;4,(58,677),(58,657),0,-1;14,(350,355),(197,343),(197,363),-1;4,(58,0),(58,20),0,-1;4,(58,0),(165,26),1,-1;4,(297,677),(199,655),0,-1;4,(313,0),(314,22),0,-1
C	1,(389,690),4;2,(388,-13),0;4,(388,-13),(386,9),0,-1;4,(389,690),(392,668),0,-1
D	1,(58,677),4;2,(58,0),0;4,(58,677),(165,651),1,-1;4,(58,677),(58,657),0,-1;4,(58,0),(58,20),-2,-1;4,(58,0),(165,26),1,-1;4,(165,26),(199,22),-1,-1;4,(165,651),(199,655),-1,-1
E	1,(532,677),4;1,(58,677),4;2,(58,0),0;2,(546,0),0;4,(532,677),(502,655),1,-1;4,(502,655),(165,651),-1,-1;4,(58,677),(58,657),0,-1;14,(197,331),(58,0),(58,677),-1;4,(197,331),(197,353),0,-1;4,(546,0),(516,22),1,-1;4,(58,0),(58,20),0,-1;4,(516,22),(165,26),-1,-1
F	1,(58,677),4;2,(58,0),0;6,(520,524),(423,450),0;4,(58,677),(165,651),1,-1;4,(58,677),(58,657),0,-1;4,(165,651),(199,655),-1,-1;14,(197,331),(58,0),(58,677),-1;4,(197,331),(197,353),0,-1;4,(197,331),(404,234),-2,-1;4,(58,0),(165,26),1,-1;4,(165,26),(199,26),-1,-1;4,(58,0),(58,20),0,-1;4,(58,20),(316,20),-1,-1
G	1,(391,690),4;2,(390,-13),0;6,(447,300),(447,320),0;4,(391,690),(394,668),1,-1;4,(390,-13),(388,9),1,-1;4,(447,320),(567,294),1,-1;4,(447,300),(677,300),-1,-1;4,(567,294),(601,294),-1,-1
H	1,(58,677),4;1,(488,677),4;2,(58,0),0;2,(488,0),0;6,(197,348),(197,370),0;4,(58,677),(165,651),1,-1;4,(58,677),(58,657),0,-1;4,(58,657),(306,657),-1,-1;4,(165,651),(199,651),-1,-1;4,(199,651),(595,651),-1,-1;4,(306,657),(488,657),-1,-1;4,(488,657),(736,657),-1,-1;4,(595,651),(629,651),-1,-1;4,(58,0),(165,26),1,-1;4,(165,26),(199,26),-1,-1;4,(199,26),(595,26),-1,-1;4,(595,26),(629,26),-1,-1;4,(58,0),(58,20),0,-1;4,(58,20),(306,20),-1,-1;4,(306,20),(488,20),-1,-1;4,(488,20),(736,20),-1,-1
I	1,(58,677),4;2,(58,0),0;4,(58,677),(165,651),1,-1;4,(58,677),(58,657),0,-1;4,(58,657),(306,657),-1,-1;4,(165,651),(199,651),-1,-1;4,(58,0),(165,26),1,-1;4,(165,26),(199,26),-1,-1;4,(58,0),(58,20),0,-1;4,(58,20),(306,20),-1,-1
J	1,(60,677),4;6,(25,-147),(72,-123),1;4,(60,677),(60,657),0,-1;4,(60,657),(318,657),-1,-1;4,(60,677),(177,651),1,-1;4,(177,651),(212,651),-1,-1;4,(72,-123),(7,-102),-2,-1
K	1,(58,677),4;1,(414,677),4;2,(58,0),0;2,(441,0),0;4,(58,677),(165,651),1,-1;4,(58,677),(58,657),0,-1;4,(58,657),(306,657),-1,-1;4,(165,651),(199,651),-1,-1;14,(197,246),(58,0),(58,677),-1;4,(199,651),(532,650),-1,-1;4,(306,657),(414,657),-1,-1;4,(414,657),(640,657),-1,-1;4,(532,650),(563,651),-1,-1;14,(356,402),(441,0),(414,677),-1;4,(58,0),(165,26),1,-1;4,(165,26),(199,26),-1,-1;4,(199,26),(542,26),-1,-1;4,(542,26),(576,26),-1,-1;4,(58,0),(58,20),0,-1;4,(58,20),(306,20),-1,-1;4,(306,20),(441,20),-1,-1;4,(441,20),(669,20),-1,-1;14,(334,376),(441,0),(414,677),-1;14,(197,211),(58,0),(58,677),-1
L	1,(58,677),4;2,(58,0),0;4,(58,677),(165,651),1,-1;4,(58,677),(58,657),0,-1;4,(58,657),(306,657),-1,-1;4,(165,651),(199,651),-1,-1;4,(58,0),(165,26),1,-1;4,(165,26),(199,22),-1,-1;4,(58,0),(58,20),0,-1
M	1,(36,677),4;1,(839,677),4;2,(46,0),0;2,(591,0),0;2,(427,0),0;4,(46,0),(46,20),0,-1;4,(46,0),(138,27),1,-1;4,(36,677),(138,651),1,-1;4,(36,677),(36,657),0,-1;14,(434,51),(427,0),(36,677),-1;4,(839,677),(839,657),0,-1;4,(839,677),(732,651),1,-1;4,(591,0),(698,26),1,-1;4,(698,26),(732,26),-1,-1;4,(591,0),(591,20),0,-1;4,(591,20),(839,20),-1,-1;14,(158,631),(36,677),(46,0),-1;4,(158,631),(703,631),-1,-1;4,(138,27),(162,27),-1,-1;4,(46,20),(264,20),-1,-1
N	1,(466,677),4;1,(38,677),4;2,(582,-7),0;2,(48,0),0;4,(48,0),(48,20),0,-1;4,(48,0),(139,27),1,-1;4,(38,677),(38,657),0,-1;14,(578,48),(466,677),(582,-7),-1;4,(466,677),(578,650),1,-1;4,(38,657),(466,657),-1,-1;4,(466,657),(694,657),-1,-1;4,(578,650),(602,650),-1,-1;14,(163,614),(48,0),(38,677),-1;4,(139,27),(163,27),-1,-1;4,(48,20),(276,20),-1,-1
O	1,(353,690),4;2,(353,-13),0;4,(353,-13),(353,9),0,-1;4,(353,690),(353,668),0,-1
P	1,(58,677),4;2,(58,0),0;4,(58,677),(165,651),1,-1;4,(58,677),(58,657),0,-1;14,(197,305),(58,0),(58,677),-1;4,(197,305),(197,285),0,-1;4,(58,0),(165,26),1,-1;4,(165,26),(199,26),-1,-1;4,(58,0),(58,20),0,-1;4,(58,20),(316,20),-1,-1;4,(165,651),(199,655),-1,-1
Q	1,(353,690),4;2,(335,-12),0;2,(364,-13),0;6,(492,-198),(494,-176),0;4,(364,-13),(353,9),0,-1;4,(353,690),(353,668),0,-1
R	1,(58,677),4;2,(306,0),0;2,(564,-5),0;2,(628,0),0;6,(197,316),(197,336),0;4,(58,677),(165,651),1,-1;4,(58,677),(58,657),0,-1;14,(371,321),(197,336),(197,316),-1;4,(564,-5),(628,20),1,-1;4,(628,20),(528,24),-1,-1;4,(306,0),(199,26),1,-1;4,(306,0),(306,20),0,-1;4,(306,20),(58,20),-1,-1;4,(199,26),(165,26),-1,-1;4,(165,651),(199,655),-1,-1
S	1,(271,690),4;2,(243,-13),0;4,(243,-13),(243,9),0,-1;4,(271,690),(272,668),0,-1;14,(235,346),(243,9),(272,668),-1;14,(276,362),(272,668),(243,9),-1
T	1,(30,677),4;2,(163,0),0;4,(30,677),(280,655),1,-1;4,(280,655),(314,655),-1,-1;4,(163,0),(280,26),1,-1;4,(280,26),(314,26),-1,-1;4,(163,0),(163,20),0,-1;4,(163,20),(431,20),-1,-1
U	1,(50,677),4;1,(453,677),4;2,(370,-13),0;4,(370,-13),(370,13),1,-1;4,(50,677),(146,651),1,-1;4,(146,651),(180,651),-1,-1;4,(180,651),(575,650),-1,-1;4,(50,677),(50,657),0,-1;4,(50,657),(288,657),-1,-1;4,(288,657),(453,657),-1,-1;4,(453,657),(689,657),-1,-1;4,(575,650),(599,650),-1,-1
V	1,(0,677),4;1,(410,677),4;2,(316,-7),0;4,(0,677),(95,651),1,-1;4,(0,677),(0,657),0,-1;4,(0,657),(238,657),-1,-1;4,(95,651),(126,651),-1,-1;14,(329,36),(410,677),(316,-7),-1;4,(126,651),(523,650),-1,-1;4,(238,657),(410,657),-1,-1;4,(410,657),(638,657),-1,-1;4,(523,650),(548,650),-1,-1
W	1,(378,677),4;1,(728,677),4;1,(11,677),4;2,(284,-7),0;2,(664,-7),0;4,(11,677),(106,651),1,-1;4,(11,677),(11,657),0,-1;4,(11,657),(239,657),-1,-1;4,(106,651),(136,651),-1,-1;14,(299,48),(284,-7),(378,677),-1;4,(136,651),(473,651),-1,-1;4,(239,657),(378,657),-1,-1;4,(378,657),(606,657),-1,-1;4,(473,651),(503,650),-1,-1;14,(678,45),(664,-7),(728,677),-1;4,(503,650),(828,650),-1,-1;4,(606,657),(728,657),-1,-1;4,(728,657),(956,657),-1,-1;4,(828,650),(854,650),-1,-1
X	1,(33,677),4;1,(382,677),4;2,(20,0),0;2,(389,0),0;4,(20,0),(20,20),0,-1;4,(20,0),(105,26),1,-1;4,(33,677),(121,651),1,-1;4,(33,677),(33,657),0,-1;4,(33,657),(261,657),-1,-1;4,(121,651),(153,651),-1,-1;14,(321,368),(105,26),(121,651),-1;4,(153,651),(488,651),-1,-1;4,(261,657),(382,657),-1,-1;4,(382,657),(610,657),-1,-1;4,(488,651),(517,650),-1,-1;4,(105,26),(135,27),-1,-1;4,(135,27),(493,26),-1,-1;4,(493,26),(525,26),-1,-1;4,(20,20),(248,20),-1,-1;4,(248,20),(389,20),-1,-1;4,(389,20),(617,20),-1,-1;14,(315,325),(105,26),(121,651),-1
Y	1,(31,677),4;1,(386,677),4;2,(184,0),0;4,(184,0),(184,20),0,-1;4,(184,0),(302,26),1,-1;4,(31,677),(112,651),1,-1;4,(31,677),(31,657),0,-1;4,(31,657),(254,657),-1,-1;4,(112,651),(144,650),-1,-1;14,(321,296),(302,26),(112,651),-1;4,(144,650),(497,650),-1,-1;4,(254,657),(386,657),-1,-1;4,(386,657),(609,657),-1,-1;4,(497,650),(523,651),-1,-1;4,(302,26),(334,26),-1,-1;4,(184,20),(452,20),-1,-1
Z	1,(506,677),4;2,(30,0),0;4,(30,0),(66,22),1,-1;4,(66,22),(30,20),-1,-1;4,(506,677),(472,655),1,-1;4,(472,655),(506,657),-1,-1
a	1,(236,483),0;2,(180,-13),0;2,(425,-13),0;4,(180,-13),(188,13),1,-1;14,(355,292),(180,-13),(236,483),-1;4,(355,292),(355,274),0,-1;4,(236,483),(234,463),0,-1;14,(91,351),(180,-13),(236,483),-1;4,(425,-13),(433,11),1,-1
b	1,(334,483),0;1,(154,748),5;2,(329,-13),0;2,(48,0),0;2,(165,-4),0;4,(48,0),(48,20),0,-1;4,(48,0),(138,26),1,-1;4,(154,748),(140,716),1,-1;4,(140,716),(49,736),0,-1;4,(329,-13),(328,12),0,-1;4,(334,483),(328,458),0,-1;14,(168,372),(334,483),(329,-13),-1;14,(168,90),(329,-13),(334,483),-1
c	1,(280,483),0;2,(272,-13),0;4,(280,483),(278,463),0,-1;4,(272,-13),(274,13),1,-1
d	1,(428,748),5;1,(264,483),0;2,(249,-13),0;2,(546,0),0;4,(249,-13),(252,12),1,-1;14,(411,69),(249,-13),(264,483),-1;4,(411,69),(412,98),0,-1;14,(412,403),(264,483),(249,-13),-1;4,(412,403),(412,379),0,-1;4,(264,483),(264,458),1,-1;4,(428,748),(412,716),1,-1;4,(412,716),(321,736),0,-1;4,(546,0),(440,25),1,-1;4,(546,0),(546,20),0,-1
e	1,(265,483),0;2,(273,-13),0;4,(265,483),(265,463),0,-1;4,(273,-13),(273,13),0,-1;14,(85,264),(265,483),(273,13),0;4,(85,264),(84,243),0,-1
f	1,(318,758),5;1,(163,470),0;2,(33,0),0;4,(163,470),(163,446),1,-1;4,(163,446),(135,446),-1,-1;4,(163,470),(134,470),-1,-1;4,(134,470),(34,466),-1,-1;4,(318,758),(301,740),0,-1;4,(33,0),(166,25),1,-1;4,(33,0),(33,20),0,-1;4,(33,20),(271,20),-1,-1;4,(166,25),(132,25),-1,-1
g	1,(238,483),0;2,(253,-245),1;6,(238,152),(238,172),0;4,(253,-245),(255,-221),0,-1;4,(238,483),(238,463),0,-1
h	1,(368,483),0;1,(154,748),5;2,(48,0),0;2,(369,0),0;4,(48,0),(138,25),1,-1;4,(138,25),(170,25),-1,-1;4,(170,25),(459,25),-1,-1;4,(459,25),(491,25),-1,-1;4,(48,0),(48,20),0,-1;4,(48,20),(251,20),-1,-1;4,(251,20),(369,20),-1,-1;4,(369,20),(572,20),-1,-1;4,(368,483),(361,455),1,-1;14,(168,345),(368,483),(48,0),-1;4,(154,748),(140,716),1,-1;4,(140,716),(49,736),0,-1
i	1,(147,709),5;1,(160,478),0;2,(48,0),0;4,(160,478),(147,645),-2,-1;4,(48,0),(48,20),0,-1;4,(48,0),(138,25),1,-1;4,(160,478),(138,446),1,-1;4,(138,446),(44,466),0,-1;4,(138,25),(170,25),-1,-1;4,(48,20),(251,20),-1,-1
j	1,(142,709),5;1,(155,478),0;2,(5,-255),1;4,(155,478),(142,645),-2,-1;4,(155,478),(132,446),1,-1;4,(132,446),(39,466),0,-1;4,(5,-255),(38,-231),1,-1
k	1,(298,470),0;1,(156,748),5;2,(48,0),0;2,(436,0),0;4,(156,748),(140,716),1,-1;4,(140,716),(49,736),0,-1;14,(168,217),(48,0),(298,470),-1;4,(298,470),(394,444),0,-1;4,(394,444),(426,445),-1,-1;14,(282,302),(436,0),(298,470),-1;4,(48,0),(138,25),1,-1;4,(138,25),(170,25),-1,-1;4,(170,25),(454,25),-1,-1;4,(48,0),(48,20),0,-1;4,(48,20),(251,20),-1,-1;4,(251,20),(538,20),-1,-1;14,(261,281),(436,0),(298,470),-1;14,(168,189),(48,0),(298,470),-1
l	1,(156,748),5;2,(38,0),0;4,(156,748),(140,716),1,-1;4,(140,716),(49,736),0,-1;4,(38,0),(138,25),1,-1;4,(138,25),(170,25),-1,-1;4,(38,0),(38,20),0,-1;4,(38,20),(266,20),-1,-1
m	1,(349,483),0;1,(646,483),0;1,(151,478),0;2,(43,0),0;2,(346,0),0;2,(649,0),0;4,(649,0),(739,25),1,-1;4,(739,25),(771,25),-1,-1;4,(649,0),(649,20),0,-1;4,(649,20),(852,20),-1,-1;4,(646,483),(644,455),1,-1;4,(346,0),(436,25),1,-1;4,(436,25),(468,25),-1,-1;4,(346,0),(346,20),0,-1;4,(346,20),(549,20),-1,-1;4,(349,483),(347,455),1,-1;4,(43,0),(133,25),1,-1;4,(133,25),(165,25),-1,-1;4,(43,0),(43,20),0,-1;4,(43,20),(246,20),-1,-1;4,(151,478),(132,446),1,-1;4,(132,446),(39,466),0,-1
n	1,(363,483),0;1,(151,478),0;2,(43,0),0;2,(364,0),0;4,(43,0),(133,25),1,-1;4,(133,25),(165,25),-1,-1;4,(165,25),(454,25),-1,-1;4,(454,25),(486,25),-1,-1;4,(43,0),(43,20),0,-1;4,(43,20),(246,20),-1,-1;4,(246,20),(364,20),-1,-1;4,(364,20),(567,20),-1,-1;4,(363,483),(356,455),1,-1;14,(163,345),(151,478),(43,0),-1;4,(151,478),(132,446),1,-1;4,(132,446),(39,466),0,-1;14,(163,370),(151,478),(43,0),-1
o	1,(269,483),0;2,(269,-13),0;4,(269,-13),(269,7),0,-1;4,(269,483),(269,463),0,-1
p	1,(329,483),0;1,(151,478),0;2,(324,-13),0;2,(266,-245),1;4,(329,483),(323,458),1,-1;4,(324,-13),(323,12),1,-1;4,(151,478),(132,446),1,-1;4,(132,446),(39,466),0,-1;14,(163,398),(329,483),(324,-13),-1;14,(163,58),(324,-13),(329,483),-1;4,(266,-245),(133,-220),1,-1;4,(133,-220),(165,-220),-1,-1;4,(266,-245),(266,-225),0,-1;4,(266,-225),(43,-225),-1,-1
q	1,(264,483),0;1,(424,473),0;2,(249,-13),0;2,(310,-245),1;4,(249,-13),(252,12),1,-1;4,(264,483),(264,458),1,-1;4,(310,-245),(442,-220),1,-1;4,(310,-245),(310,-225),0,-1;4,(310,-225),(533,-225),-1,-1;4,(442,-220),(410,-220),-1,-1;14,(412,70),(249,-13),(264,483),-1;14,(413,403),(264,483),(249,-13),-1
r	1,(151,478),0;2,(43,0),0;4,(43,0),(43,20),0,-1;4,(43,0),(133,25),1,-1;4,(151,478),(132,446),1,-1;4,(132,446),(39,466),0,-1;4,(133,25),(165,25),-1,-1;4,(43,20),(259,20),-1,-1
s	1,(223,483),0;2,(201,-13),0;4,(201,-13),(203,7),0,-1;14,(343,111),(201,-13),(223,483),-1;4,(223,483),(220,463),0,-1;14,(98,365),(201,-13),(223,483),-1
t	8,(157,619),0;1,(125,470),0;1,(153,470),0;2,(221,-13),0;4,(221,-13),(224,11),0,-1;4,(125,470),(125,446),0,-1;4,(125,446),(153,446),-1,-1
u	1,(148,474),0;1,(469,474),0;2,(261,-13),0;2,(443,-6),0;2,(553,0),0;4,(148,474),(127,442),1,-1;4,(127,442),(39,468),1,-1;4,(261,-13),(266,15),1,-1;4,(469,474),(446,442),1,-1;4,(446,442),(360,468),1,-1;4,(443,-6),(474,25),1,-1;4,(553,0),(553,20),0,-1
v	1,(-10,470),0;1,(309,470),0;2,(237,-6),0;4,(-10,470),(66,445),1,-1;4,(-10,470),(-10,450),0,-1;4,(-10,450),(183,450),-1,-1;4,(66,445),(98,445),-1,-1;14,(250,37),(237,-6),(309,470),-1;4,(98,445),(398,444),-1,-1;4,(183,450),(309,450),-1,-1;4,(309,450),(492,450),-1,-1;4,(398,444),(423,445),-1,-1
w	1,(-5,470),0;1,(297,470),0;1,(576,470),0;2,(218,-6),0;2,(532,-6),0;4,(-5,470),(67,445),1,-1;4,(-5,470),(-5,450),0,-1;4,(-5,450),(189,450),-1,-1;4,(67,445),(99,445),-1,-1;14,(230,43),(218,-6),(297,470),-1;4,(99,445),(372,445),-1,-1;4,(189,450),(297,450),-1,-1;4,(297,450),(480,450),-1,-1;4,(372,445),(405,445),-1,-1;14,(544,43),(532,-6),(576,470),-1;4,(405,445),(669,445),-1,-1;4,(480,450),(576,450),-1,-1;4,(576,450),(759,450),-1,-1;4,(669,445),(693,444),-1,-1
x	1,(17,470),0;1,(309,470),0;2,(10,0),0;2,(305,0),0;4,(10,0),(10,20),0,-1;4,(10,20),(181,20),-1,-1;4,(10,0),(80,25),0,-1;14,(249,221),(305,0),(309,470),-1;4,(249,221),(238,236),-1,-1;4,(17,470),(86,445),1,-1;4,(17,470),(17,450),0,-1;4,(17,450),(199,450),-1,-1;4,(86,445),(119,445),-1,-1;14,(254,255),(309,470),(305,0),-1;4,(119,445),(389,445),-1,-1;4,(199,450),(309,450),-1,-1;4,(309,450),(483,450),-1,-1;4,(389,445),(415,445),-1,-1;4,(254,255),(265,241),-1,-1;4,(80,25),(108,25),-1,-1;4,(108,25),(387,25),-1,-1;4,(387,25),(423,25),-1,-1;4,(181,20),(305,20),-1,-1;4,(305,20),(490,20),-1,-1
y	1,(310,470),0;4,(310,470),(310,450),0,-1;4,(310,450),(493,450),-1,-1;4,(399,444),(425,445),-1,-1
z	1,(401,470),0;2,(54,0),0;4,(401,470),(367,450),0,-1;4,(367,450),(401,450),-1,-1;4,(54,0),(87,20),0,-1;4,(87,20),(54,20),-1,-1
AE	1,(349,677),4;2,(359,0),0;2,(210,0),0;4,(359,0),(359,20),0,-1;4,(359,20),(210,20),-1,-1;4,(210,20),(12,20),-1,-1;4,(359,0),(500,22),1,-1;4,(500,22),(466,26),-1,-1;4,(466,26),(121,26),-1,-1;4,(121,26),(93,27),-1,-1;4,(349,677),(500,655),1,-1;4,(500,655),(468,650),-1,-1;4,(468,650),(424,652),-1,-1;4,(349,677),(349,657),0,-1;14,(498,331),(210,0),(349,677),-1;4,(498,331),(498,353),0,-1;14,(468,265),(210,0),(349,677),-1;4,(468,265),(468,285),0,-1
Hbar	1,(58,677),4;1,(489,677),4;2,(58,0),0;2,(489,0),0;6,(597,501),(597,523),1;6,(597,328),(597,350),1;4,(597,501),(167,501),-1,-1;4,(597,523),(38,523),-1,-1;4,(58,677),(165,651),1,-1;4,(58,677),(58,657),0,-1;4,(58,657),(306,657),-1,-1;4,(165,651),(199,651),-1,-1;4,(489,677),(595,651),1,-1;4,(489,677),(489,657),0,-1;4,(489,657),(737,657),-1,-1;4,(595,651),(629,651),-1,-1;4,(597,523),(627,523),-1,-1;4,(597,501),(757,501),-1,-1;4,(489,0),(595,26),1,-1;4,(595,26),(629,26),-1,-1;4,(489,0),(489,20),0,-1;4,(489,20),(737,20),-1,-1;4,(58,0),(165,26),1,-1;4,(165,26),(199,26),-1,-1;4,(58,0),(58,20),0,-1;4,(58,20),(306,20),-1,-1
Lslash	1,(58,678),4;2,(58,1),0;14,(197,311),(58,1),(58,678),-1;4,(58,1),(165,27),1,-1;4,(165,27),(199,23),-1,-1;4,(58,1),(58,21),0,-1;4,(197,311),(167,293),-1,-1;4,(197,311),(197,339),1,-1;4,(197,339),(167,322),-1,-1;4,(58,678),(165,652),1,-1;4,(58,678),(58,658),0,-1;4,(58,658),(306,658),-1,-1;4,(165,652),(199,652),-1,-1
Oslash	1,(617,697),4;1,(353,690),4;2,(89,-16),0;2,(353,-13),0;4,(353,-13),(353,9),0,-1;4,(353,690),(353,668),0,-1;14,(160,112),(353,9),(353,668),-1;14,(545,567),(353,668),(353,9),-1
OE	1,(384,690),4;1,(492,677),4;2,(384,-13),0;2,(492,0),0;4,(384,-13),(384,9),1,-1;4,(492,0),(509,22),1,-1;4,(509,22),(475,19),-1,-1;4,(492,677),(509,655),1,-1;4,(509,655),(475,658),-1,-1;4,(384,690),(384,668),1,-1;14,(507,331),(492,0),(492,677),-1;4,(507,331),(507,353),0,-1
Germandbls	1,(402,690),4;2,(484,-13),0;2,(58,0),0;6,(574,640),(574,626),0;4,(58,0),(58,20),0,-1;4,(58,0),(165,26),1,-1;14,(473,473),(402,690),(484,-13),-1;4,(484,-13),(486,9),0,-1;14,(619,141),(484,-13),(402,690),-1;14,(556,633),(574,640),(574,626),-1;4,(402,690),(401,668),0,-1
Uogonek	1,(50,677),4;1,(453,677),4;2,(370,-13),0;6,(478,-219),(487,-195),-2;4,(50,677),(50,657),0,-1;4,(50,657),(288,657),-1,-1;4,(50,677),(146,651),1,-1;4,(146,651),(180,651),-1,-1;4,(370,-13),(370,13),0,-1;4,(180,651),(575,650),-1,-1;4,(288,657),(453,657),-1,-1;4,(453,657),(689,657),-1,-1;4,(575,650),(599,650),-1,-1;14,(501,19),(370,13),(370,-13),-1
Uhorn	1,(50,677),4;1,(453,677),4;2,(370,-13),0;4,(370,-13),(370,13),1,-1;4,(453,677),(575,650),1,-1;4,(453,677),(453,657),0,-1;4,(50,677),(146,651),1,-1;4,(50,677),(50,657),0,-1;4,(146,651),(180,651),-1,-1
Eth	1,(58,677),4;2,(58,0),0;14,(197,358),(58,0),(58,677),-1;4,(197,358),(197,336),0,-1;4,(58,0),(165,26),1,-1;4,(165,26),(199,22),-1,-1;4,(58,677),(165,651),1,-1;4,(165,651),(199,655),-1,-1;4,(58,0),(58,20),0,-1;4,(197,336),(167,336),-1,-1;4,(197,358),(167,358),-1,-1;4,(58,677),(58,657),0,-1
Thorn	1,(58,677),4;2,(58,0),0;4,(58,677),(165,651),1,-1;4,(58,677),(58,657),0,-1;4,(58,657),(311,657),-1,-1;4,(165,651),(199,651),-1,-1;14,(197,543),(58,677),(58,0),-1;14,(197,175),(58,0),(58,677),-1;4,(58,0),(165,26),1,-1;4,(165,26),(199,26),-1,-1;4,(58,0),(58,20),0,-1;4,(58,20),(311,20),-1,-1;4,(197,175),(197,197),0,-1;4,(197,543),(197,521),0,-1
Schwa	1,(303,690),4;2,(329,-13),0;6,(564,334),(564,356),1;4,(303,690),(299,668),1,-1;4,(329,-13),(332,9),0,-1
aogonek	1,(236,483),0;2,(180,-13),0;2,(420,-10),0;6,(420,-215),(428,-191),1;14,(355,272),(180,-13),(236,483),-1;4,(355,272),(355,290),0,-1;4,(236,483),(234,463),0,-1;14,(93,351),(180,-13),(236,483),-1;4,(420,-10),(430,12),1,-1;4,(180,-13),(188,13),1,-1
ae	1,(565,483),0;1,(236,483),0;2,(185,-13),0;2,(573,-13),0;6,(384,242),(385,263),0;6,(354,273),(355,292),0;4,(185,-13),(193,13),1,-1;4,(236,483),(234,463),0,-1;14,(93,351),(185,-13),(236,483),-1;4,(573,-13),(573,13),1,-1;4,(565,483),(565,463),0,-1
dcroat	1,(428,748),5;1,(264,470),0;2,(249,-13),0;2,(409,-6),0;2,(546,0),0;6,(412,585),(412,609),0;4,(428,748),(412,716),1,-1;4,(412,716),(321,736),0,-1;4,(412,609),(440,609),-1,-1;4,(412,585),(440,585),-1,-1;4,(546,0),(546,20),0,-1;4,(546,20),(440,25),-1,-1;4,(249,-13),(252,12),1,-1;14,(412,98),(249,-13),(264,470),-1;14,(412,366),(264,470),(249,-13),-1;4,(264,470),(264,445),1,-1
eogonek	1,(265,483),0;2,(273,-13),0;6,(349,-215),(357,-191),1;6,(84,243),(85,264),0;4,(273,-13),(273,13),1,-1;4,(265,483),(265,463),0,-1
hbar	8,(368,464),0;1,(154,748),5;2,(48,0),0;2,(369,0),0;6,(168,609),(168,585),0;4,(168,609),(140,609),-1,-1;4,(154,748),(140,716),1,-1;4,(140,716),(49,736),0,-1;14,(168,326),(48,0),(154,748),-1;4,(168,326),(168,352),0,-1;4,(369,0),(459,25),1,-1;4,(459,25),(491,25),-1,-1;4,(369,0),(369,20),0,-1;4,(369,20),(572,20),-1,-1;4,(368,464),(361,436),1,-1;4,(48,0),(138,25),1,-1;4,(138,25),(170,25),-1,-1;4,(48,0),(48,20),0,-1;4,(48,20),(251,20),-1,-1;4,(168,585),(140,585),-1,-1
dotlessi	1,(160,478),0;2,(48,0),0;4,(48,0),(48,20),0,-1;4,(48,0),(138,25),0,-1;4,(160,478),(137,446),1,-1;4,(137,446),(44,466),0,-1;4,(138,25),(170,25),-1,-1;4,(48,20),(251,20),-1,-1
dotlessj	1,(155,474),0;2,(5,-255),1;4,(155,474),(132,442),1,-1;4,(132,442),(39,462),0,-1;4,(5,-255),(38,-231),1,-1
kgreenlandic	1,(291,466),0;1,(155,474),0;2,(43,0),0;2,(533,0),0;4,(43,0),(43,20),0,-1;4,(43,0),(133,25),1,-1;4,(155,474),(132,442),1,-1;4,(132,442),(39,462),0,-1;14,(163,189),(43,0),(155,474),-1;4,(163,189),(163,217),1,-1;4,(291,466),(386,440),1,-1;4,(291,466),(291,446),0,-1;4,(291,446),(511,446),-1,-1;4,(386,440),(419,441),-1,-1;4,(533,0),(533,20),0,-1;4,(133,25),(165,25),-1,-1;4,(43,20),(246,20),-1,-1
ldot	1,(156,748),5;2,(38,0),0;4,(156,748),(140,716),1,-1;4,(140,716),(49,736),0,-1;4,(38,0),(138,25),0,-1;4,(138,25),(170,25),-1,-1
lslash	1,(156,748),5;2,(38,0),0;4,(38,0),(38,20),0,-1;4,(156,748),(140,716),1,-1;4,(140,716),(49,736),0,-1
ohorn	1,(269,483),0;2,(269,-13),0;4,(269,-13),(269,7),0,-1;4,(269,483),(269,463),0,-1
oslash	1,(269,483),0;2,(269,-13),0;14,(141,60),(269,-13),(269,483),-1;4,(141,60),(127,78),0,-1;14,(394,411),(269,483),(269,-13),-1;4,(269,483),(269,463),0,-1;4,(269,-13),(269,7),0,-1;4,(394,411),(409,394),0,-1
oe	1,(269,483),0;1,(660,483),0;2,(269,-13),0;2,(668,-13),0;6,(481,242),(482,263),0;4,(269,483),(269,463),0,-1;4,(269,-13),(269,7),0,-1;14,(468,135),(269,-13),(269,483),-1;14,(469,331),(269,-13),(269,483),-1;4,(668,-13),(668,13),1,-1;4,(660,483),(660,463),0,-1
longs	1,(318,758),5;2,(33,0),0;4,(318,758),(301,740),0,-1;4,(33,0),(132,25),1,-1;4,(132,25),(166,25),-1,-1;4,(132,25),(33,20),-1,-1;4,(33,20),(271,20),-1,-1
germandbls	1,(355,758),5;2,(380,-13),0;2,(33,0),0;14,(396,491),(355,758),(380,-13),-1;14,(407,258),(380,-13),(355,758),-1;4,(380,-13),(385,7),0,-1;14,(392,231),(380,-13),(355,758),-1;14,(380,503),(355,758),(380,-13),-1;4,(355,758),(351,738),0,-1;4,(33,0),(132,25),1,-1;4,(132,25),(33,20),-1,-1
uogonek	1,(148,474),0;1,(469,474),0;2,(261,-13),0;2,(553,0),0;2,(482,-4),0;2,(443,-6),0;2,(503,-3),0;6,(485,-219),(494,-195),1;4,(148,474),(127,442),1,-1;4,(127,442),(39,468),1,-1;4,(261,-13),(266,15),1,-1;4,(469,474),(446,442),1,-1;4,(446,442),(360,468),1,-1;4,(553,0),(474,25),1,-1;4,(474,25),(553,20),-1,-1
uhorn	1,(148,474),0;1,(469,474),0;2,(261,-13),0;2,(443,-6),0;2,(553,0),0;4,(148,474),(127,442),1,-1;4,(127,442),(39,468),1,-1;4,(261,-13),(266,15),1,-1;4,(469,474),(446,442),1,-1;4,(446,442),(360,468),1,-1;4,(443,-6),(474,25),1,-1;4,(553,0),(553,20),0,-1
eth	1,(158,758),5;1,(266,470),0;2,(266,-13),0;6,(311,627),(295,642),0;14,(450,336),(266,-13),(158,758),-1;4,(158,758),(147,740),0,-1;4,(295,642),(317,654),-1,-1;4,(311,627),(333,638),-1,-1;4,(266,-13),(266,7),0,-1;4,(266,470),(266,450),0,-1
thorn	1,(334,483),0;1,(154,748),5;2,(329,-13),0;2,(48,-245),1;4,(334,483),(328,458),0,-1;14,(168,372),(334,483),(329,-13),-1;14,(168,90),(329,-13),(334,483),-1;4,(329,-13),(328,12),0,-1;4,(48,-245),(138,-220),0,-1;4,(154,748),(140,716),1,-1;4,(140,716),(49,736),0,-1;4,(138,-220),(170,-220),-1,-1
schwa	1,(223,483),0;2,(243,-13),0;6,(407,228),(407,249),0;4,(223,483),(223,457),1,-1;4,(243,-13),(246,7),0,-1
f_i	1,(353,758),5;1,(34,466),0;1,(134,470),0;1,(163,470),0;1,(476,478),0;2,(567,0),0;2,(271,0),0;4,(271,0),(166,25),1,-1;4,(166,25),(271,20),-1,-1;4,(271,20),(33,20),-1,-1;4,(166,25),(132,25),-1,-1;4,(163,470),(163,446),1,-1;4,(163,446),(135,446),-1,-1;4,(135,446),(34,446),-1,-1;4,(353,758),(352,740),0,-1;4,(567,0),(486,25),1,-1;4,(486,25),(567,20),-1,-1;4,(567,20),(364,20),-1,-1;4,(486,25),(454,25),-1,-1
f_l	1,(357,758),5;1,(34,466),0;1,(163,470),0;1,(134,470),0;1,(458,748),5;2,(332,0),0;4,(132,25),(33,20),-1,-1;4,(134,470),(135,446),1,-1;4,(132,25),(166,25),-1,-1;4,(166,25),(432,25),-1,-1;4,(432,25),(464,25),-1,-1;4,(33,20),(271,20),-1,-1;4,(271,20),(332,20),-1,-1;4,(332,20),(560,20),-1,-1;4,(357,758),(359,739),0,-1;4,(163,470),(163,446),1,-1
f_t	1,(318,758),5;1,(163,470),0;1,(446,470),0;1,(134,470),0;2,(33,0),0;2,(514,-13),0;4,(163,470),(163,446),1,-1;4,(33,0),(132,25),1,-1;4,(132,25),(166,25),-1,-1;4,(166,25),(271,20),-1,-1;4,(132,25),(33,20),-1,-1;4,(134,470),(135,446),1,-1;4,(134,470),(34,466),-1,-1;4,(318,758),(301,740),0,-1;4,(446,470),(446,446),1,-1;4,(514,-13),(517,11),1,-1
ampersand	1,(266,690),4;2,(254,-13),0;2,(623,-5),0;2,(673,0),0;6,(487,400),(487,420),0;14,(225,375),(254,-13),(266,690),-1;4,(225,375),(245,386),-1,-1;4,(245,386),(234,398),-1,-1;4,(266,690),(266,670),0,-1;4,(254,-13),(255,10),0,-1;14,(475,96),(254,-13),(266,690),-1;4,(475,96),(463,108),-1,-1;4,(225,375),(214,387),-1,-1;14,(480,130),(254,-13),(266,690),-1;4,(487,420),(574,394),1,-1;4,(487,400),(670,400),-1,-1;4,(574,394),(599,395),-1,-1;4,(480,130),(492,118),-1,-1;4,(623,-5),(674,15),0,-1
zero	1,(245,667),3;2,(245,-13),0;4,(245,-13),(245,7),0,-1;4,(245,667),(245,647),0,-1
one	1,(264,664),3;2,(83,0),0;4,(264,664),(246,630),1,-1;4,(246,630),(91,615),-1,-1;4,(83,0),(244,26),0,-1;4,(244,26),(276,26),-1,-1;4,(83,0),(83,20),0,-1;4,(83,20),(427,20),-1,-1;4,(91,615),(91,595),0,-1
zero.slash	1,(245,667),3;2,(245,-13),0;14,(126,99),(245,-13),(245,667),-1;4,(126,99),(110,70),-1,-1;4,(110,70),(99,90),-1,-1;14,(374,528),(245,-13),(245,667),-1;4,(374,528),(393,560),-1,-1;4,(393,560),(382,581),-1,-1;4,(126,99),(117,121),-1,-1;4,(374,528),(365,551),-1,-1;4,(245,667),(245,647),0,-1;4,(245,-13),(245,7),0,-1
zero.lf	1,(250,667),3;2,(250,-13),0;4,(250,-13),(250,7),0,-1;4,(250,667),(250,647),0,-1
one.lf	1,(254,663),3;2,(88,0),0;4,(254,663),(236,629),1,-1;4,(236,629),(81,614),-1,-1;4,(88,0),(234,26),0,-1;4,(234,26),(266,26),-1,-1;4,(88,0),(88,20),0,-1;4,(88,20),(397,20),-1,-1;4,(81,614),(81,594),0,-1
two.lf	1,(245,667),3;2,(457,0),0;4,(457,0),(93,28),-2,-1;4,(93,28),(64,22),-1,-1;4,(245,667),(241,647),0,-1
three.lf	1,(241,667),3;2,(231,-13),0;6,(165,332),(165,352),1;4,(241,667),(239,647),0,-1;14,(258,343),(165,352),(165,332),-1;4,(231,-13),(222,7),0,-1
four.lf	1,(337,662),3;2,(327,0),0;6,(327,219),(327,245),1;4,(327,219),(355,219),-1,-1;4,(327,245),(61,245),-1,-1;4,(61,245),(34,239),-1,-1;4,(327,245),(355,245),-1,-1;14,(327,616),(337,662),(327,0),-1
five.lf	1,(115,654),3;2,(219,-13),0;6,(238,386),(240,406),1;4,(219,-13),(215,7),0,-1;4,(115,654),(134,626),-2,-1
six.lf	1,(441,667),3;2,(257,-13),0;6,(265,375),(270,395),1;4,(441,667),(444,651),1,-1;4,(257,-13),(259,7),0,-1;14,(95,281),(441,667),(257,-13),-1
seven.lf	1,(439,654),3;2,(189,0),0;4,(439,654),(414,626),-2,-1;4,(414,626),(439,634),-1,-1
eight.lf	1,(249,667),3;2,(247,-13),0;14,(222,332),(247,-13),(249,667),-1;14,(270,340),(247,-13),(249,667),-1;4,(270,340),(253,347),-1,-1;4,(249,667),(249,647),0,-1;4,(247,-13),(247,7),0,-1;4,(222,332),(240,324),-1,-1
nine.lf	1,(247,667),3;2,(95,-13),0;4,(95,-13),(89,4),0,-1;14,(251,267),(95,-13),(247,667),-1;4,(251,267),(258,287),1,-1;4,(247,667),(246,647),0,-1
zero.lfslash	1,(250,667),3;2,(250,-13),0;14,(109,65),(250,-13),(250,667),-1;4,(109,65),(97,83),-1,-1;14,(389,590),(250,667),(250,-13),-1;4,(389,590),(401,571),-1,-1;4,(109,65),(125,92),-1,-1;4,(125,92),(115,113),-1,-1;4,(389,590),(374,564),-1,-1;4,(250,667),(250,647),0,-1;4,(250,-13),(250,7),0,-1;4,(374,564),(384,542),-1,-1
zero.tosf	1,(245,547),1;2,(245,-13),0;4,(245,-13),(245,7),0,-1;4,(245,547),(245,527),0,-1
one.tosf	1,(258,543),1;2,(78,0),0;4,(258,543),(241,513),1,-1;4,(241,513),(86,494),-1,-1;4,(78,0),(239,26),0,-1;4,(239,26),(271,26),-1,-1;4,(78,0),(78,20),0,-1;4,(78,20),(422,20),-1,-1;4,(86,494),(86,474),0,-1
zero.osf	1,(269,547),1;2,(269,-13),0;4,(269,-13),(269,7),0,-1;4,(269,547),(269,527),0,-1
one.osf	1,(254,543),1;2,(93,0),0;4,(254,543),(236,506),1,-1;4,(236,506),(81,487),-1,-1;4,(93,0),(234,26),0,-1;4,(234,26),(266,26),-1,-1;4,(93,0),(93,20),0,-1;4,(93,20),(397,20),-1,-1;4,(81,487),(81,467),0,-1
two.osf	1,(245,547),1;2,(60,0),0;4,(60,0),(94,28),1,-1;4,(94,28),(60,22),-1,-1;4,(245,547),(244,527),0,-1
zero.cap	1,(245,690),4;2,(245,-13),0;4,(245,-13),(245,7),0,-1;4,(245,690),(245,670),0,-1
one.cap	1,(264,686),4;2,(83,0),0;4,(264,686),(246,652),1,-1;4,(246,652),(91,637),-1,-1;4,(83,0),(244,26),0,-1;4,(244,26),(276,26),-1,-1;4,(83,0),(83,20),0,-1;4,(83,20),(427,20),-1,-1;4,(91,637),(91,617),0,-1
two.cap	1,(230,690),4;2,(442,0),0;4,(442,0),(77,28),-2,-1;4,(77,28),(49,22),-1,-1;4,(230,690),(226,670),0,-1
three.cap	1,(235,690),4;2,(225,-13),0;6,(159,345),(159,365),1;4,(235,690),(233,670),0,-1;14,(252,356),(159,365),(159,345),-1;4,(225,-13),(216,7),0,-1
four.cap	1,(337,685),4;2,(327,0),0;6,(327,232),(327,258),1;4,(327,232),(355,232),-1,-1;4,(327,258),(61,258),-1,-1;4,(61,258),(34,252),-1,-1;4,(327,258),(355,258),-1,-1;14,(327,639),(337,685),(327,0),-1
five.cap	1,(107,677),4;2,(211,-13),0;6,(230,396),(232,416),1;4,(211,-13),(207,7),0,-1;4,(107,677),(126,649),-2,-1
six.cap	1,(432,690),4;2,(248,-13),0;6,(256,386),(261,406),1;4,(432,690),(435,674),1,-1;14,(86,292),(432,690),(248,-13),-1;4,(86,292),(89,318),0,-1;4,(248,-13),(250,7),0,-1
seven.cap	1,(424,677),4;2,(174,0),0;4,(424,677),(399,649),-2,-1;4,(399,649),(424,657),-1,-1
eight.cap	1,(244,690),4;2,(242,-13),0;14,(235,337),(242,-13),(244,690),-1;4,(235,337),(217,345),-1,-1;14,(248,360),(244,690),(242,-13),-1;4,(248,360),(265,353),-1,-1;4,(244,690),(244,670),0,-1;4,(242,-13),(242,7),0,-1
nine.cap	1,(237,690),4;2,(85,-13),0;6,(241,278),(248,298),1;4,(85,-13),(79,4),0,-1;14,(393,352),(85,-13),(237,690),-1;4,(393,352),(397,378),1,-1;4,(237,690),(236,670),0,-1
period	2,(150,-10),0;4,(150,-10),(150,50),-2,-1
comma	2,(143,-8),0;4,(143,-8),(148,50),-2,-1
exclam	1,(125,697),4;2,(125,-10),0;4,(125,-10),(125,50),-2,-1;4,(125,50),(117,173),-2,-1
question	1,(100,698),4;2,(135,-10),0;6,(198,334),(184,355),1;4,(135,-10),(135,50),-2,-1;4,(135,50),(145,173),1,-1;4,(100,698),(113,640),1,-1
trademark	8,(541,382),0;1,(26,677),4;1,(302,677),4;1,(586,677),4;14,(478,429),(541,382),(586,677),-1;4,(26,677),(49,656),0,-1;4,(49,656),(156,656),-1,-1;4,(156,656),(302,660),-1,-1;4,(302,660),(608,655),-1,-1;4,(541,382),(477,382),-1,-1;4,(477,382),(399,382),-1,-1;4,(399,382),(204,382),-1,-1
servicemark	8,(511,382),0;1,(153,684),4;1,(272,677),4;1,(556,677),4;14,(448,429),(511,382),(556,677),-1;4,(153,684),(153,666),0,-1;4,(153,666),(272,660),-1,-1;4,(272,660),(578,655),-1,-1;4,(511,382),(447,382),-1,-1;4,(447,382),(369,382),-1,-1;4,(369,382),(137,375),-1,-1;4,(137,375),(137,393),0,-1;14,(210,449),(137,375),(153,684),-1;14,(88,612),(153,684),(137,375),-1
at	1,(460,466),0;1,(472,652),3;6,(378,-155),(383,-135),0;6,(346,54),(354,79),1;4,(460,466),(453,443),0,-1;4,(472,652),(466,632),0,-1;4,(346,54),(557,54),-1,-1;4,(354,79),(568,74),-1,-1
at.cap	6,(346,128),(354,153),1;6,(453,517),(460,540),0;6,(472,726),(466,706),0;6,(378,-81),(383,-61),0;4,(346,128),(557,128),-1,-1;4,(354,153),(568,148),-1,-1
zero.sups	8,(170,428),0;8,(170,839),0;4,(170,428),(170,447),0,-1;4,(170,839),(170,820),0,-1
one.sups	8,(69,437),0;8,(189,839),0;4,(189,839),(170,805),1,-1;4,(170,805),(75,808),-1,-1;4,(69,437),(170,461),1,-1;4,(170,461),(198,461),-1,-1;4,(69,437),(69,453),0,-1;4,(69,453),(294,453),-1,-1;4,(75,808),(75,790),0,-1
two.sups	8,(50,437),0;8,(169,839),0;4,(50,437),(77,467),1,-1;4,(77,467),(50,462),-1,-1;4,(169,839),(162,820),0,-1
three.sups	8,(170,839),0;8,(163,428),0;6,(121,634),(121,654),0;4,(170,839),(166,820),0,-1;14,(193,644),(121,654),(121,634),-1;4,(163,428),(157,447),0,-1
four.sups	8,(215,437),0;8,(225,836),0;6,(215,588),(215,564),1;4,(215,588),(55,588),-1,-1;4,(55,588),(32,584),-1,-1;4,(215,588),(243,588),-1,-1;4,(215,564),(243,564),-1,-1;14,(215,795),(225,836),(215,437),-1
five.sups	8,(153,428),0;8,(84,830),0;6,(159,659),(164,682),0;4,(153,428),(150,447),0,-1;4,(84,830),(101,799),1,-1
six.sups	8,(178,428),0;8,(292,839),0;6,(182,653),(188,676),0;4,(292,839),(295,825),0,-1;4,(178,428),(179,447),0,-1
seven.sups	8,(288,830),0;8,(130,437),0;4,(288,830),(264,799),1,-1;4,(264,799),(288,809),-1,-1
eight.sups	8,(173,428),0;8,(175,839),0;14,(165,626),(173,428),(175,839),-1;4,(165,626),(149,633),-1,-1;14,(180,650),(173,428),(175,839),-1;4,(180,650),(195,644),-1,-1;4,(175,839),(174,820),0,-1;4,(173,428),(174,447),0,-1
nine.sups	8,(173,839),0;8,(76,427),0;4,(76,427),(71,442),0,-1;4,(173,839),(172,820),0,-1;14,(172,596),(76,427),(172,820),-1;4,(172,596),(180,619),0,-1
a.sups	8,(114,427),0;1,(160,758),5;6,(225,614),(225,630),-2;4,(114,427),(122,451),0,-1;4,(122,451),(280,450),-1,0;4,(114,427),(275,430),-1,0;4,(160,758),(153,740),0,-1;14,(59,667),(114,427),(160,758),-1
b.sups	8,(97,923),0;8,(210,427),0;1,(214,758),5;4,(210,427),(207,449),0,-1;14,(107,481),(210,427),(207,449),-1;4,(210,427),(104,433),-1,0;4,(207,449),(81,459),-1,0;4,(97,923),(81,891),1,-1;4,(81,891),(22,909),0,-1;4,(214,758),(208,736),0,-1
c.sups	8,(179,427),0;1,(184,758),5;4,(184,758),(183,740),0,-1;4,(179,427),(183,451),1,-1
d.sups	8,(289,923),0;8,(167,427),0;1,(178,758),5;6,(365,437),(298,458),0;4,(167,427),(173,449),0,-1;4,(178,758),(179,736),0,-1;4,(167,427),(275,433),-1,0;4,(289,923),(272,891),1,-1;4,(272,891),(214,909),0,-1
e.sups	8,(179,427),0;1,(176,758),5;6,(64,597),(65,615),0;4,(179,427),(183,451),1,-1;4,(176,758),(175,740),0,-1
f.sups	8,(220,936),0;8,(23,437),0;1,(114,746),5;1,(24,742),5;1,(87,746),5;4,(23,437),(183,453),0,-1;4,(183,453),(23,453),-1,-1;4,(23,437),(88,459),0,-1;4,(114,746),(218,725),0,-1;4,(218,725),(88,725),-1,-1;4,(88,725),(24,725),-1,-1;4,(220,936),(189,917),0,-1;4,(88,459),(114,459),-1,-1
g.sups	1,(157,756),5;1,(306,752),5;1,(156,459),0;1,(56,495),0;6,(166,276),(167,296),0;6,(244,719),(231,732),0;6,(157,538),(157,555),0;4,(156,459),(149,431),1,-1;4,(306,752),(316,719),0,-1;14,(89,443),(156,459),(149,431),-1;14,(94,555),(157,538),(157,555),-1;4,(157,756),(158,739),0,-1
h.sups	8,(98,923),0;8,(22,437),0;1,(236,758),5;4,(22,437),(81,459),0,-1;4,(81,459),(107,459),-1,-1;4,(107,459),(291,459),-1,-1;4,(291,459),(317,459),-1,-1;4,(22,437),(22,453),0,-1;4,(22,453),(160,453),-1,-1;4,(160,453),(232,453),-1,-1;4,(232,453),(370,453),-1,-1;4,(22,437),(232,437),-1,-1;4,(236,758),(227,731),1,-1;4,(98,923),(81,891),1,-1;4,(81,891),(22,909),0,-1
i.sups	8,(166,437),0;1,(105,753),5;4,(105,753),(96,854),1,-1;4,(96,854),(96,908),-2,-1;4,(166,437),(166,453),0,-1;4,(166,453),(28,453),-1,-1;4,(166,437),(112,459),0,-1;4,(112,459),(86,459),-1,-1;4,(105,753),(86,718),1,-1;4,(86,718),(25,736),0,-1
j.sups	8,(5,270),0;1,(105,753),5;4,(105,753),(96,854),1,-1;4,(96,854),(96,908),1,-1;4,(105,753),(86,718),1,-1;4,(86,718),(25,736),0,-1;4,(5,270),(32,291),0,-1
k.sups	8,(349,437),0;8,(97,923),0;1,(188,746),5;4,(97,923),(81,891),1,-1;4,(81,891),(22,909),0,-1;14,(107,558),(349,437),(97,923),-1;4,(107,558),(107,582),0,-1;4,(188,746),(246,724),0,-1;4,(246,724),(334,729),-1,0;4,(334,729),(271,724),-1,0;4,(107,558),(165,617),-1,-1;4,(165,617),(184,636),-1,-1;4,(349,437),(295,459),0,-1;4,(349,437),(349,453),0,-1;4,(295,459),(107,459),-1,-1;4,(349,453),(162,453),-1,-1;4,(349,437),(162,437),-1,-1;4,(349,453),(22,453),-1,-1;4,(107,459),(81,459),-1,-1
l.sups	8,(175,437),0;8,(103,923),0;4,(103,923),(86,891),1,-1;4,(86,891),(27,909),0,-1;4,(175,437),(112,459),0,-1;4,(175,437),(175,453),0,-1;4,(175,453),(22,453),-1,-1;4,(112,459),(86,459),-1,-1
m.sups	8,(562,437),0;1,(234,758),5;1,(427,758),5;1,(103,753),5;4,(562,437),(509,459),0,-1;4,(562,437),(562,453),0,-1;4,(562,453),(424,453),-1,-1;4,(509,459),(483,459),-1,-1;4,(427,758),(420,731),1,-1;4,(483,459),(313,459),-1,-1;4,(424,453),(366,453),-1,-1;4,(562,437),(366,437),-1,-1;4,(366,453),(228,453),-1,-1;4,(313,459),(287,459),-1,-1;4,(420,731),(228,731),-1,-1;4,(287,459),(113,459),-1,-1;4,(228,453),(167,453),-1,-1;4,(366,437),(167,437),-1,-1;4,(167,453),(29,453),-1,-1;4,(113,459),(87,459),-1,-1;4,(103,753),(87,718),1,-1;4,(87,718),(26,736),0,-1
n.sups	8,(29,437),0;1,(242,758),5;1,(103,753),5;4,(29,437),(87,459),0,-1;4,(87,459),(113,459),-1,-1;4,(113,459),(297,459),-1,-1;4,(297,459),(323,459),-1,-1;4,(29,437),(29,453),0,-1;4,(29,453),(167,453),-1,-1;4,(167,453),(238,453),-1,-1;4,(238,453),(376,453),-1,-1;4,(29,437),(238,437),-1,-1;4,(242,758),(233,731),1,-1;4,(103,753),(87,718),1,-1;4,(87,718),(26,736),0,-1
o.sups	8,(177,427),0;1,(177,758),5;4,(177,758),(177,740),0,-1;4,(177,427),(177,445),0,-1
p.sups	8,(177,276),0;8,(213,427),0;1,(217,758),5;1,(101,753),5;4,(217,758),(211,736),0,-1;4,(213,427),(210,449),0,-1;4,(177,276),(177,292),0,-1;4,(177,292),(25,292),-1,-1;4,(177,276),(111,298),0,-1;4,(111,298),(85,298),-1,-1;4,(101,753),(85,718),1,-1;4,(85,718),(23,736),0,-1;14,(111,475),(213,427),(210,449),-1
q.sups	8,(359,276),0;8,(167,427),0;1,(299,747),5;1,(177,758),5;4,(167,427),(173,449),0,-1;4,(177,758),(179,736),0,-1;4,(359,276),(299,298),-2,-1;4,(359,276),(359,292),0,-1;4,(359,292),(207,292),-1,-1;4,(299,298),(273,298),-1,-1
r.sups	8,(175,437),0;1,(221,758),5;1,(103,753),5;4,(175,437),(175,453),0,-1;4,(175,453),(29,453),-1,-1;4,(175,437),(113,459),0,-1;4,(113,459),(87,459),-1,-1;4,(103,753),(87,718),1,-1;4,(87,718),(26,736),0,-1;4,(221,758),(235,719),1,-1
s.sups	8,(133,427),0;1,(148,758),5;4,(133,427),(134,445),0,-1;14,(222,510),(133,427),(148,758),-1;4,(148,758),(146,740),0,-1;14,(70,679),(148,758),(133,427),-1
t.sups	8,(143,430),0;1,(14,742),5;1,(104,746),5;1,(78,746),5;4,(143,430),(149,451),1,-1;4,(14,742),(78,725),0,-1;4,(78,725),(201,725),-1,-1
u.sups	8,(165,427),0;1,(304,749),5;1,(96,749),5;6,(361,437),(310,459),0;4,(165,427),(284,433),-1,0;4,(96,749),(76,722),1,-1;4,(76,722),(21,744),0,-1;4,(165,427),(172,453),1,-1;4,(76,722),(284,722),-1,-1;4,(21,744),(227,744),-1,-1;4,(361,437),(361,453),0,-1
v.sups	8,(164,430),0;1,(132,746),5;4,(132,746),(75,724),0,-1;4,(75,724),(45,724),-1,-1;4,(132,746),(132,729),0,-1;4,(132,729),(-3,729),-1,-1;14,(175,466),(164,430),(132,746),-1;4,(75,724),(269,723),-1,-1;4,(132,729),(211,729),-1,-1;4,(132,746),(211,746),-1,-1;4,(211,729),(333,729),-1,-1;4,(269,723),(289,724),-1,-1
w.sups	8,(141,430),0;1,(-3,746),5;4,(141,430),(347,430),-1,-1;4,(-3,746),(43,724),0,-1;4,(-3,746),(-3,729),0,-1;4,(-3,729),(130,729),-1,-1;4,(43,724),(72,724),-1,-1;14,(357,475),(347,430),(321,746),-1;4,(357,475),(152,474),-1,-1;4,(72,724),(244,724),-1,-1;4,(130,729),(195,729),-1,-1;4,(-3,746),(195,746),-1,-1;4,(195,729),(321,729),-1,-1;4,(244,724),(271,724),-1,-1;4,(271,724),(437,724),-1,-1;4,(321,729),(379,729),-1,-1;4,(195,746),(379,746),-1,-1;4,(379,729),(500,729),-1,-1;4,(437,724),(458,723),-1,-1
x.sups	8,(123,437),0;1,(202,746),5;1,(135,746),5;4,(123,437),(123,453),-2,-1;4,(123,453),(7,453),-1,-1;4,(123,437),(76,458),0,-1;4,(76,458),(53,458),-1,-1;14,(163,577),(123,437),(135,746),-1;4,(163,577),(153,591),-1,-1;4,(202,746),(252,724),0,-1;4,(252,724),(87,724),-1,-1;4,(87,724),(58,724),-1,-1;4,(202,746),(202,729),0,-1;4,(202,729),(135,729),-1,-1;4,(135,729),(11,729),-1,-1;4,(123,437),(195,437),-1,-1;14,(169,610),(202,746),(195,437),-1;4,(252,724),(274,724),-1,-1;4,(169,610),(179,596),-1,-1;4,(76,458),(247,459),-1,-1;4,(247,459),(277,459),-1,-1;4,(123,453),(195,453),-1,-1;4,(195,453),(324,453),-1,-1
y.sups	8,(46,270),0;1,(-5,746),5;1,(211,746),5;4,(46,270),(19,314),1,-1;14,(158,433),(46,270),(-5,746),-1;4,(-5,746),(45,724),0,-1;4,(-5,746),(-5,729),0,-1;4,(-5,729),(134,729),-1,-1;4,(45,724),(74,724),-1,-1;4,(158,433),(171,468),-1,-1;4,(74,724),(266,724),-1,-1;4,(134,729),(211,729),-1,-1;4,(211,729),(334,729),-1,-1;4,(266,724),(287,724),-1,-1
z.sups	8,(274,437),0;1,(38,746),5;4,(38,746),(235,728),0,-1;4,(235,728),(268,730),-1,-1;4,(274,437),(245,454),0,-1;4,(245,454),(33,453),-1,-1
egrave.sups	8,(179,427),0;1,(176,758),5;6,(64,597),(65,615),0;4,(176,758),(188,811),-2,-1;4,(179,427),(183,451),1,-1;4,(176,758),(175,740),0,-1
eacute.sups	8,(179,427),0;1,(176,758),5;6,(64,597),(65,615),0;4,(176,758),(157,811),-2,-1;4,(179,427),(183,451),1,-1;4,(176,758),(175,740),0,-1
dollar	1,(263,667),3;1,(241,666),3;2,(263,-12),0;2,(241,-13),0;14,(241,355),(263,667),(263,-12),-1;4,(263,667),(263,647),0,-1;4,(263,647),(241,646),-1,-1;14,(263,315),(241,-13),(241,666),-1;4,(263,-12),(263,8),0,-1;4,(263,8),(241,7),-1,-1;4,(263,315),(241,325),-1,-1;4,(241,355),(263,345),-1,-1
sterling	1,(267,667),3;2,(42,0),0;14,(176,302),(42,0),(267,667),-1;4,(176,302),(171,326),1,-1;4,(171,326),(144,326),-1,-1;4,(267,667),(269,647),0,-1;4,(42,0),(75,26),1,-1;4,(75,26),(42,22),-1,-1;4,(176,302),(151,302),-1,-1
yen	1,(299,654),3;1,(-2,654),3;2,(121,0),0;4,(121,0),(230,27),1,-1;14,(222,286),(230,27),(299,654),0;4,(222,286),(231,262),1,-1;4,(231,262),(231,185),-2,-1;4,(-2,654),(67,628),0,-1;4,(-2,654),(-2,634),0,-1;4,(-2,634),(196,634),-1,-1;4,(67,628),(95,627),-1,-1;4,(222,286),(249,287),-1,-1;4,(95,627),(399,627),-1,-1;4,(299,654),(299,634),0,-1;4,(299,634),(492,634),-1,-1;4,(399,627),(424,627),-1,-1;4,(222,286),(270,286),-1,-1;4,(231,262),(259,262),-1,-1;4,(231,185),(259,185),-1,-1;4,(231,185),(231,161),1,-1;4,(231,161),(259,161),-1,-1;4,(230,27),(260,26),-1,-1;4,(121,0),(121,20),0,-1;4,(121,20),(369,20),-1,-1
florin	1,(414,667),3;6,(408,362),(408,386),1;6,(65,-100),(74,-81),0;4,(408,386),(233,386),-1,-1;4,(414,667),(398,646),0,-1;4,(408,362),(231,362),-1,-1
Euro	1,(295,667),3;2,(295,-13),0;6,(103,251),(101,275),1;4,(103,251),(71,251),-1,-1;4,(101,275),(69,275),-1,-1;4,(101,275),(100,362),-2,-1;4,(100,362),(68,362),-1,-1;4,(100,362),(102,386),1,-1;4,(102,386),(70,386),-1,-1;4,(295,667),(295,647),0,-1;4,(295,-13),(295,7),0,-1
rupeeindian	1,(77,654),3;2,(351,-5),0;2,(415,0),0;6,(77,317),(77,341),1;4,(77,654),(77,630),1,-1;4,(77,630),(76,501),-2,-1;4,(76,501),(76,477),1,-1;4,(77,630),(243,630),-1,-1;4,(76,501),(344,501),-1,-1;4,(76,477),(345,477),-1,-1;14,(170,321),(77,341),(77,317),-1;4,(351,-5),(415,20),1,-1
liraturkish	1,(27,654),3;2,(130,2),0;2,(229,-13),0;14,(160,303),(130,2),(27,654),-1;4,(160,303),(132,290),-1,-1;4,(160,303),(160,327),1,-1;4,(160,327),(132,314),-1,-1;4,(160,327),(160,423),-2,-1;4,(160,423),(132,410),-1,-1;4,(160,423),(160,447),1,-1;4,(160,447),(132,434),-1,-1;4,(27,654),(131,627),1,-1;4,(27,654),(27,634),0,-1;4,(27,634),(270,634),-1,-1;4,(131,627),(161,628),-1,-1;4,(229,-13),(229,7),0,-1
ruble	1,(30,654),3;2,(278,0),0;6,(20,290),(20,314),0;4,(30,654),(133,629),1,-1;4,(30,654),(30,635),0,-1;4,(20,290),(229,290),-1,-1;4,(20,290),(135,204),-2,-1;4,(135,204),(163,204),-1,-1;4,(135,204),(135,180),1,-1;4,(135,180),(163,180),-1,-1;4,(278,0),(165,26),1,-1;4,(278,0),(278,19),0,-1;4,(278,19),(30,19),-1,-1;4,(165,26),(133,25),-1,-1;4,(20,314),(163,314),-1,-1;4,(30,635),(165,633),-1,-1
arrowleft	6,(640,255),(640,281),1
arrowupleft	1,(108,484),0;4,(108,484),(154,457),1,-1
arrowup	6,(335,578),(340,527),1;4,(340,527),(322,528),-1,-1
arrowupright	1,(547,489),0;4,(547,489),(508,457),1,-1
arrowright	6,(20,254),(20,280),1
arrowdownright	8,(546,45),0;4,(546,45),(506,78),1,-1
arrowdown	8,(334,-43),0;4,(334,-43),(339,8),1,-1;4,(339,8),(321,9),-1,-1
arrowdownleft	8,(113,46),0;4,(113,46),(152,78),1,-1
circumflexcmb	8,(-7,719),0;4,(-7,719),(0,680),-2,-1
circumflexcmb.cap	8,(-7,842),0;4,(-7,842),(0,805),-2,-1
tildecmb	6,(65,588),(68,611),-2;4,(68,611),(-65,692),-1,-1;4,(65,588),(-68,669),-1,-1;14,(133,684),(-68,669),(-65,692),-1;14,(-133,595),(65,588),(68,611),-1
tildecmb.cap	6,(72,741),(76,764),-2;4,(76,764),(-73,845),-1,-1;4,(72,741),(-76,822),-1,-1;14,(148,837),(-73,845),(-76,822),-1;14,(-148,748),(72,741),(76,764),-1
macroncmb	6,(120,631),(120,657),-2
macroncmb.cap	6,(146,767),(146,793),-2
brevecmb	6,(0,585),(0,612),-2
brevecmb.cap	6,(0,737),(0,764),-2
dotaccentcmb	6,(0,689),(0,625),-1
dotaccentcmb.cap	6,(0,759),(0,823),-2
dieresiscmb	6,(94,644),(94,703),-2;4,(94,644),(-94,644),-1,-1;4,(94,703),(-94,703),-1,-1
dieresiscmb.cap	6,(-103,756),(-103,820),-2;4,(-103,756),(103,756),-1,-1;4,(-103,820),(103,820),-1,-1
ringcmb	1,(0,743),5;6,(0,569),(0,589),-2;4,(0,743),(0,723),-2,-1
ringcmb.cap	6,(0,721),(0,741),-2;4,(0,741),(0,867),-2,-1;4,(0,867),(0,887),-2,-1
caroncmb	6,(10,570),(0,607),-2
caroncmb.cap	6,(10,740),(0,772),-2
cedillacmb	6,(4,-59),(-21,-77),-2;4,(-21,-77),(1,-195),-2,-1;4,(1,-195),(5,-214),-2,-1
ogonekcmb	6,(5,-223),(14,-199),-2
Gamma	1,(58,677),4;2,(58,0),0;4,(58,0),(58,20),0,-1;4,(58,0),(165,26),1,-1;4,(58,677),(165,651),1,-1;4,(58,677),(58,657),0,-1;4,(165,651),(199,655),-1,-1;4,(165,26),(199,26),-1,-1;4,(58,20),(316,20),-1,-1
Delta	1,(294,684),4;2,(40,0),0;14,(300,640),(40,0),(294,684),-1;4,(40,0),(70,28),-2,-1
Theta	1,(354,690),4;2,(354,-13),0;6,(478,329),(478,355),0;4,(354,-13),(354,9),0,-1;4,(354,690),(354,668),0,-1
Lambda	1,(302,684),4;2,(638,0),0;2,(228,0),0;4,(638,0),(543,26),0,-1;4,(638,0),(638,20),1,-1;4,(638,20),(400,20),-1,-1;4,(543,26),(512,26),-1,0;14,(309,641),(0,0),(302,684),-1;4,(512,26),(115,27),-1,0;4,(400,20),(228,20),-1,-1;4,(228,20),(0,20),-1,-1;4,(115,27),(90,27),-1,0
Xi	1,(74,677),4;2,(60,0),0;6,(157,328),(157,356),1;4,(74,677),(104,649),1,-1;4,(60,0),(90,28),1,-1
Pi	1,(58,677),4;2,(58,0),0;2,(489,0),0;4,(58,677),(165,651),1,-1;4,(165,651),(199,655),-1,-1;4,(58,0),(165,26),1,-1;4,(165,26),(199,26),-2,-1;4,(58,0),(58,20),0,-1;4,(58,20),(306,20),-1,-1;4,(58,677),(58,657),0,-1;4,(58,657),(737,657),-1,-1;4,(199,655),(629,651),-1,-1;4,(489,0),(595,26),1,-1;4,(595,26),(629,26),-1,-1;4,(489,0),(489,20),0,-1;4,(489,20),(737,20),-1,-1
Sigma	1,(49,677),4;2,(515,0),0;4,(49,677),(84,655),1,-1;14,(278,339),(30,0),(49,677),-1;4,(278,339),(308,341),-1,-1;4,(515,0),(65,28),-2,-1;4,(49,677),(49,657),0,-1
Phi	1,(219,687),4;2,(219,0),0;4,(219,687),(326,661),1,-1;4,(326,661),(327,583),-1,-1;4,(219,687),(219,667),0,-1;4,(219,667),(467,667),-1,-1;4,(326,661),(360,661),-1,-1;4,(327,583),(359,583),-1,-1;4,(219,0),(326,26),1,-1;4,(326,26),(328,125),-1,-1;4,(328,125),(358,125),-1,-1;4,(326,26),(360,26),-1,-1;4,(219,0),(219,20),0,-1;4,(219,20),(467,20),-1,-1;4,(358,125),(358,147),0,-1;4,(358,147),(328,147),-1,-1;4,(327,583),(328,561),0,-1;4,(328,561),(358,561),-1,-1
Psi	1,(-15,677),4;1,(244,677),4;1,(731,677),4;2,(234,0),0;6,(343,275),(343,297),0;4,(-15,677),(-15,657),0,-1;4,(244,677),(341,651),1,-1;4,(244,677),(244,657),0,-1;4,(244,657),(472,657),-1,-1;4,(341,651),(375,651),-1,-1;4,(343,297),(373,297),-1,-1;4,(731,677),(731,657),0,-1;4,(343,275),(373,275),-1,-1;4,(234,0),(341,26),1,-1;4,(341,26),(375,26),-1,-1;4,(234,0),(234,20),0,-1;4,(234,20),(482,20),-1,-1
Omega	1,(378,690),4;2,(692,0),0;2,(333,0),0;4,(333,0),(333,18),-2,-1;4,(333,18),(290,28),-1,-1;4,(333,18),(423,18),-1,-1;4,(423,18),(466,28),-1,-1;4,(378,690),(378,668),0,-1
alpha	1,(264,483),0;1,(454,478),0;2,(254,-13),0;2,(470,-13),0;14,(423,380),(254,-13),(264,483),-1;4,(470,-13),(476,16),0,-1;14,(403,86),(254,-13),(264,483),-1;4,(254,-13),(256,10),0,-1;4,(264,483),(261,461),1,-1
beta	8,(120,-188),0;1,(308,748),5;2,(319,-13),0;6,(259,373),(255,394),1;4,(319,-13),(320,15),0,-1;4,(308,748),(311,728),1,-1;14,(308,388),(255,394),(259,373),-1;14,(141,71),(319,-13),(308,748),-1
gamma	8,(225,-190),0;1,(42,478),0;1,(401,483),0;1,(417,475),0;4,(42,478),(30,453),0,-1
delta	1,(300,748),5;2,(268,-13),0;14,(287,474),(268,-13),(300,748),-1;4,(287,474),(269,487),-1,-1;4,(300,748),(301,728),1,-1;4,(268,-13),(265,10),0,-1
epsilon	1,(235,483),0;2,(218,-13),0;6,(272,231),(259,259),1;14,(210,241),(272,231),(259,259),-1;4,(235,483),(242,463),1,-1;4,(259,259),(290,260),-1,0;4,(218,-13),(231,15),0,-1
zeta	8,(210,-186),0;1,(379,738),5;4,(210,-186),(207,-154),1,-1;4,(379,738),(353,720),1,-1
eta	8,(432,-190),0;1,(81,480),0;1,(321,483),0;2,(122,-8),0;4,(81,480),(66,455),0,-1;14,(142,332),(144,0),(81,480),-1;4,(142,332),(142,358),-1,-1;4,(321,483),(310,451),1,-1
theta	1,(254,748),5;2,(244,-13),0;6,(416,364),(416,390),1;4,(254,748),(252,728),0,-1;4,(244,-13),(246,7),0,-1
iota	1,(133,475),0;2,(173,-13),0;4,(173,-13),(177,15),0,-1
kappa	1,(76,480),0;1,(465,483),0;2,(437,-13),0;2,(120,-8),0;14,(234,265),(437,-13),(465,483),-1;4,(76,480),(66,455),0,-1;14,(138,147),(437,-13),(465,483),-1;4,(465,483),(434,435),0,-1;4,(437,-13),(445,17),0,-1
lambda	1,(108,748),5;2,(51,-5),0;2,(451,-13),0;14,(252,464),(451,-13),(108,748),-1;4,(108,748),(99,717),0,-1;4,(451,-13),(458,17),0,-1
mu	8,(122,-188),0;1,(133,479),0;1,(448,479),0;1,(142,474),0;1,(457,474),0;2,(488,-13),0;2,(263,-13),0;4,(263,-13),(271,15),0,-1;4,(488,-13),(492,15),0,-1;14,(427,103),(488,-13),(133,479),-1;14,(134,62),(488,-13),(133,479),-1
nu	1,(40,478),0;1,(403,483),0;1,(418,475),0;2,(222,0),0;4,(40,478),(32,453),0,-1;14,(240,32),(222,0),(40,478),-1
xi	8,(233,-186),0;1,(52,743),5;6,(297,368),(313,399),0;4,(233,-186),(230,-154),1,-1;14,(235,382),(297,368),(313,399),-1;4,(52,743),(276,720),0,-1;4,(276,720),(389,720),-1,-1;4,(297,368),(371,367),-1,0
omicron	1,(258,483),0;2,(257,-13),0;4,(257,-13),(257,10),0,-1;4,(258,483),(261,461),0,-1
pi	1,(212,470),0;2,(89,-10),0;2,(468,-13),0;4,(212,470),(193,444),1,-1;4,(89,-10),(145,35),-2,-1;4,(193,444),(172,443),-1,-1;4,(193,444),(412,444),-1,-1;4,(468,-13),(472,15),1,-1
rho	8,(100,-188),0;1,(297,483),0;2,(289,-13),0;4,(289,-13),(288,10),0,-1;4,(297,483),(296,461),0,-1;14,(120,85),(289,-13),(297,483),-1
sigma	1,(312,471),0;2,(255,-13),0;4,(255,-13),(263,10),0,-1;4,(312,471),(272,450),0,-1;14,(319,449),(255,-13),(312,471),-1
tau	1,(240,470),0;2,(277,-13),0;4,(240,470),(420,444),0,-1;4,(277,-13),(281,15),0,-1;4,(420,444),(204,445),-1,-1
upsilon	1,(81,480),0;1,(418,483),0;2,(289,-13),0;4,(81,480),(66,455),0,-1;4,(289,-13),(291,10),0,-1
phi	8,(330,-198),0;1,(331,483),0;1,(353,483),0;2,(325,-13),0;2,(353,-13),0;4,(325,-13),(325,10),1,-1;4,(331,483),(331,461),1,-1;4,(331,461),(353,461),-1,-1;4,(325,10),(353,10),-1,-1
chi	1,(72,481),0;1,(404,484),0;6,(439,-190),(438,-157),0;14,(250,150),(439,-190),(72,481),-1;4,(439,-190),(74,-187),-1,0;4,(72,481),(66,449),0,-1;14,(250,199),(439,-190),(72,481),-1
psi	8,(365,-200),0;8,(365,618),0;1,(79,479),0;1,(598,483),0;1,(615,474),0;2,(361,-13),0;2,(386,-13),0;4,(79,479),(66,454),0,-1;4,(361,-13),(361,10),0,-1;4,(361,10),(386,10),-1,-1
omega	1,(245,482),0;1,(458,482),0;2,(221,-13),0;2,(478,-13),0;4,(245,482),(250,467),0,-1;4,(221,-13),(224,8),0,-1;4,(224,8),(482,8),-1,-1;4,(250,467),(452,467),-1,-1
sigma.end	8,(217,-186),0;1,(284,483),0;4,(217,-186),(214,-154),1,-1;4,(284,483),(285,463),0,-1
Be	1,(58,677),4;2,(58,0),0;6,(197,344),(197,364),0;4,(58,0),(58,20),0,-1;4,(58,0),(165,26),1,-1;4,(58,677),(165,651),1,-1;4,(58,677),(58,657),0,-1;4,(58,657),(199,655),-1,-1;4,(58,20),(199,22),-1,-1
De	8,(42,-170),0;1,(176,677),4;2,(53,0),0;4,(53,0),(60,22),1,-1;4,(176,677),(265,650),1,-1;4,(176,677),(176,657),0,-1;4,(176,657),(641,657),-1,-1;4,(265,650),(292,655),-1,-1;4,(292,655),(534,651),-1,-1;4,(60,22),(95,22),-1,-1;4,(95,22),(534,22),-1,-1;4,(42,-170),(609,-170),-1,-1
Zhe	1,(337,677),4;1,(63,691),4;1,(859,691),4;2,(337,0),0;2,(3,0),0;2,(69,-5),0;2,(919,0),0;2,(853,-5),0;6,(475,333),(475,353),0;4,(337,0),(337,20),0,-1;4,(337,0),(445,26),1,-1;4,(475,333),(447,333),-1,-1;4,(3,0),(3,18),0,-1;14,(599,345),(475,353),(475,333),-1;4,(599,345),(323,345),-1,-1;4,(63,691),(121,644),-2,-1;4,(475,353),(447,353),-1,-1;4,(337,677),(445,651),1,-1;4,(337,677),(337,657),0,-1;4,(337,657),(585,657),-1,-1;4,(445,651),(477,651),-1,-1;4,(859,691),(801,644),-2,-1;4,(919,0),(919,18),0,-1;4,(445,26),(477,26),-1,-1;4,(337,20),(585,20),-1,-1
Ze	1,(260,690),4;2,(245,-13),0;6,(237,343),(224,363),0;4,(245,-13),(243,9),0,-1;4,(260,690),(257,668),0,-1;14,(304,355),(237,343),(224,363),-1
Icyr	1,(58,677),4;1,(494,677),4;2,(58,0),0;2,(494,0),0;4,(58,0),(58,20),0,-1;4,(58,0),(165,26),1,-1;4,(58,677),(165,651),1,-1;4,(58,677),(58,657),0,-1;4,(58,657),(306,657),-1,-1;4,(165,651),(199,651),-1,-1;4,(494,677),(603,651),1,-1;4,(494,677),(494,657),0,-1;4,(494,657),(742,657),-1,-1;4,(603,651),(635,651),-1,-1;4,(494,0),(601,26),1,-1;4,(601,26),(635,26),-1,-1;4,(494,0),(494,20),0,-1;4,(494,20),(742,20),-1,-1;4,(165,26),(197,27),-1,-1;4,(58,20),(306,20),-1,-1
Ka	1,(58,677),4;1,(590,691),4;2,(58,0),0;2,(650,0),0;2,(584,-5),0;6,(197,341),(197,361),0;4,(58,0),(58,20),0,-1;4,(58,0),(165,26),1,-1;4,(58,677),(165,651),1,-1;4,(58,677),(58,657),0,-1;4,(58,657),(306,657),-1,-1;4,(165,651),(199,651),-1,-1;4,(590,691),(532,644),-2,-1;14,(323,352),(197,361),(197,341),-1;4,(650,0),(650,18),0,-1;4,(165,26),(199,26),-1,-1;4,(58,20),(306,20),-1,-1
El	1,(175,677),4;1,(625,677),4;2,(377,0),0;2,(60,-13),0;4,(60,-13),(92,20),-2,-1;4,(175,677),(276,650),1,-1;4,(175,677),(175,657),0,-1;4,(625,677),(625,657),0,-1;4,(276,650),(302,655),-1,-1;4,(302,655),(517,651),-1,-1;4,(377,0),(483,26),1,-1;4,(483,26),(517,26),-1,-1;4,(377,0),(377,20),0,-1;4,(377,20),(625,20),-1,-1
Pe	1,(58,677),4;2,(58,0),0;2,(479,0),0;4,(58,0),(58,20),0,-1;4,(58,0),(165,26),1,-1;4,(58,677),(165,651),1,-1;4,(58,677),(58,657),0,-1;4,(58,657),(727,657),-1,-1;4,(165,651),(199,655),-1,-1;4,(199,655),(619,651),-1,-1;4,(479,0),(585,26),1,-1;4,(585,26),(619,26),-1,-1;4,(479,0),(479,20),0,-1;4,(479,20),(727,20),-1,-1;4,(165,26),(199,26),-1,-1;4,(58,20),(306,20),-1,-1
Ucyr	1,(4,677),4;1,(366,677),4;2,(139,-13),0;4,(4,677),(4,657),0,-1;4,(4,677),(83,651),1,-1;4,(83,651),(117,650),-1,-1;14,(298,209),(139,-13),(4,677),-1;4,(117,650),(468,650),-1,-1;4,(4,657),(366,657),-1,-1;4,(366,657),(579,657),-1,-1;4,(468,650),(497,651),-1,-1;4,(139,-13),(180,23),-2,-1
Ef	1,(220,687),4;2,(220,-10),0;4,(220,687),(329,660),1,-1;4,(329,660),(331,570),-1,-1;4,(220,687),(220,667),0,-1;4,(220,667),(468,667),-1,-1;4,(329,660),(359,660),-1,-1;4,(331,570),(357,570),-1,-1;4,(220,-10),(329,17),1,-1;4,(329,17),(331,113),-1,-1;4,(331,113),(357,113),-1,-1;4,(329,17),(359,17),-1,-1;4,(220,-10),(220,10),0,-1;4,(220,10),(468,10),-1,-1;4,(331,113),(331,135),0,-1;4,(331,570),(331,548),0,-1;4,(331,135),(357,135),-1,-1;4,(331,548),(357,548),-1,-1
Tse	1,(58,677),4;1,(473,677),4;2,(58,0),0;4,(58,0),(165,26),0,-1;4,(58,677),(58,657),1,-1;4,(58,657),(306,657),-1,-1;4,(165,26),(199,22),-1,-1;4,(199,22),(579,22),-1,-1;4,(306,657),(473,657),-1,-1;4,(473,657),(721,657),-1,-1;4,(579,22),(613,22),-1,-1;4,(613,22),(720,22),-1,-1
Che	1,(45,677),4;1,(405,677),4;2,(405,0),0;6,(334,293),(339,319),1;4,(45,677),(45,657),0,-1;4,(45,657),(283,657),-1,-1;4,(45,677),(144,651),1,-1;4,(144,651),(176,651),-1,-1;4,(405,677),(512,651),1,-1;4,(405,677),(405,657),0,-1;4,(405,657),(653,657),-1,-1;4,(512,651),(546,651),-1,-1;4,(405,0),(512,26),1,-1;4,(512,26),(546,26),-1,-1;4,(405,0),(405,20),0,-1;4,(405,20),(653,20),-1,-1
Sha	1,(58,677),4;1,(409,677),4;1,(758,677),4;2,(58,0),0;4,(58,0),(58,20),0,-1;4,(58,0),(165,26),1,-1;4,(58,677),(165,651),1,-1;4,(58,677),(58,657),0,-1;4,(58,657),(306,657),-1,-1;4,(165,651),(199,651),-1,-1;4,(165,26),(199,22),-1,-1;4,(199,22),(515,22),-1,-1;4,(199,651),(515,651),-1,-1;4,(306,657),(409,657),-1,-1;4,(409,657),(657,657),-1,-1;4,(515,651),(549,651),-1,-1;4,(515,22),(549,22),-1,-1;4,(549,22),(865,22),-1,-1;4,(549,651),(865,651),-1,-1;4,(657,657),(758,657),-1,-1;4,(758,657),(1006,657),-1,-1;4,(865,651),(899,651),-1,-1;4,(865,22),(899,26),-1,0;4,(58,20),(1006,20),-1,-1
Shcha	8,(980,-170),0;1,(58,677),4;1,(409,677),4;1,(758,677),4;2,(58,0),0;4,(58,0),(58,20),0,-1;4,(58,0),(165,26),1,-1;4,(58,677),(165,651),1,-1;4,(58,677),(58,657),0,-1;4,(58,657),(306,657),-1,-1;4,(165,651),(199,651),-1,-1;4,(165,26),(199,22),-1,-1;4,(199,22),(515,22),-1,-1;4,(199,651),(515,651),-1,-1;4,(306,657),(409,657),-1,-1;4,(409,657),(657,657),-1,-1;4,(515,651),(549,651),-1,-1;4,(515,22),(549,22),-1,-1;4,(549,22),(865,22),-1,-1;4,(549,651),(865,651),-1,-1;4,(657,657),(758,657),-1,-1;4,(758,657),(1006,657),-1,-1;4,(865,651),(899,651),-1,-1;4,(865,22),(899,22),-1,-1;4,(899,22),(1006,22),-1,-1
Hard	1,(432,677),4;2,(174,0),0;6,(412,358),(419,378),0;4,(174,0),(174,20),0,-1;4,(174,0),(280,26),1,-1;4,(432,677),(314,650),1,-1;4,(314,650),(280,655),-1,-1;4,(432,677),(432,657),0,-1;4,(419,378),(312,369),-1,0;4,(280,26),(314,22),-1,-1;4,(314,22),(426,22),-1,-1;4,(412,358),(312,350),-1,0
Yeru	1,(58,677),4;1,(581,677),4;2,(581,0),0;2,(58,0),0;6,(292,358),(304,378),0;4,(58,0),(58,20),0,-1;4,(58,0),(165,26),1,-1;4,(58,677),(165,651),1,-1;4,(58,677),(58,657),0,-1;4,(58,657),(316,657),-1,-1;4,(165,651),(199,651),-1,-1;4,(581,0),(581,20),0,-1;4,(581,0),(688,26),1,-1;4,(581,677),(688,651),1,-1;4,(581,677),(581,657),0,-1;4,(581,657),(829,657),-1,-1;4,(688,651),(722,651),-1,-1;4,(688,26),(722,26),-1,-1;4,(581,20),(829,20),-1,-1;4,(58,0),(199,22),0,-1
Soft	1,(58,677),4;2,(58,0),0;6,(306,358),(318,378),0;4,(58,0),(58,20),0,-1;4,(58,0),(165,26),1,-1;4,(58,677),(165,651),1,-1;4,(58,677),(58,657),0,-1;4,(58,657),(316,657),-1,-1;4,(165,651),(199,651),-1,-1;4,(58,0),(199,22),0,-1
Ecyr	1,(255,690),4;2,(256,-13),0;6,(532,331),(532,353),0;4,(256,-13),(258,9),1,-1;4,(255,690),(252,668),1,-1
Yu	1,(58,677),4;1,(634,690),4;2,(58,0),0;2,(634,-13),0;6,(360,344),(360,366),0;4,(58,0),(165,26),1,-1;4,(165,26),(197,27),-1,-1;4,(58,0),(58,20),0,-1;4,(58,20),(304,20),-1,-1;4,(58,677),(165,651),1,-1;4,(58,677),(58,657),0,-1;4,(58,657),(304,657),-1,-1;4,(165,651),(197,650),-1,-1;4,(634,-13),(634,9),1,-1;4,(634,690),(634,668),1,-1
Ya	1,(590,677),4;2,(16,0),0;2,(342,0),0;2,(85,-6),0;6,(451,314),(451,334),0;4,(590,677),(590,657),0,-1;4,(590,657),(449,655),-1,-1;4,(16,0),(16,20),0,-1;14,(290,320),(451,334),(451,314),-1;4,(590,677),(483,651),1,-1;4,(342,0),(449,26),1,-1;4,(449,26),(483,26),-1,-1;4,(342,0),(342,20),0,-1;4,(342,20),(590,20),-1,-1
Dje	1,(30,677),4;2,(153,0),0;6,(406,352),(418,372),0;6,(461,-59),(457,-41),0;4,(30,677),(60,655),1,-1;4,(60,655),(304,655),-1,-1;4,(418,372),(302,364),-1,0;4,(406,352),(302,344),-1,0;4,(153,0),(153,20),0,-1;4,(153,0),(270,26),1,-1
Ieukran	1,(369,690),4;2,(371,-13),0;6,(360,331),(360,353),0;4,(369,690),(372,668),1,-1;4,(371,-13),(369,9),1,-1
Lje	1,(175,677),4;2,(60,-13),0;2,(376,0),0;6,(515,350),(515,370),1;4,(60,-13),(92,20),1,-1;4,(175,677),(276,650),1,-1;4,(175,677),(175,657),0,-1;4,(175,657),(625,657),-1,-1;4,(276,650),(517,651),-1,-1;4,(376,0),(376,20),0,-1;4,(376,0),(483,26),1,-1;4,(175,657),(302,655),-1,-1;4,(376,20),(517,22),-1,-1
Nje	1,(58,677),4;1,(452,677),4;2,(58,0),0;2,(452,0),0;6,(561,349),(561,371),0;4,(58,0),(165,26),1,-1;4,(165,26),(199,26),-1,-1;4,(58,0),(58,20),0,-1;4,(58,20),(306,20),-1,-1;4,(58,677),(165,651),1,-1;4,(58,677),(58,657),0,-1;4,(58,657),(306,657),-1,-1;4,(165,651),(199,651),-1,-1;4,(452,677),(559,651),1,-1;4,(452,677),(452,657),0,-1;4,(452,657),(710,657),-1,-1;4,(559,651),(593,651),-1,-1;4,(561,371),(591,372),-1,-1;4,(452,0),(452,20),0,-1;4,(452,0),(559,26),1,-1;4,(452,20),(593,22),-1,-1;4,(561,349),(591,352),-1,-1
Tshe	1,(30,677),4;2,(163,0),0;2,(731,0),0;6,(312,350),(312,370),0;4,(30,677),(60,655),1,-1;4,(60,655),(314,655),-1,-1;4,(731,0),(648,27),1,-1;4,(731,0),(731,20),0,-1;4,(163,0),(280,26),1,-1;4,(280,26),(314,26),-1,-1;4,(163,0),(163,20),0,-1;4,(163,20),(419,20),-1,-1
Dzhe	8,(378,-190),0;1,(58,677),4;1,(472,677),4;2,(58,0),0;4,(58,0),(58,20),0,-1;4,(58,0),(165,26),1,-1;4,(58,677),(165,651),1,-1;4,(58,677),(58,657),0,-1;4,(58,657),(306,657),-1,-1;4,(165,651),(199,651),-1,-1;4,(165,26),(199,22),-1,-1;4,(472,677),(579,651),1,-1;4,(472,677),(472,657),0,-1;4,(472,657),(720,657),-1,-1;4,(579,651),(613,651),-1,-1;4,(199,22),(613,26),-1,-1;4,(58,20),(720,20),-1,-1
Fita	1,(353,690),4;2,(353,-13),0;6,(611,344),(611,366),0;4,(353,690),(353,668),1,-1;4,(353,-13),(353,9),1,-1
Gheup	8,(500,808),0;1,(58,677),4;2,(58,0),0;4,(58,0),(58,20),0,-1;4,(58,0),(165,26),1,-1;4,(58,677),(165,651),1,-1;4,(58,677),(58,657),0,-1;4,(165,651),(199,655),-1,-1;4,(165,26),(199,26),-1,-1;4,(58,20),(316,20),-1,-1
Ghestroke	1,(58,677),4;2,(58,0),0;6,(167,348),(167,370),0;4,(58,677),(165,651),1,-1;4,(58,677),(58,657),0,-1;4,(165,651),(199,655),-1,-1;4,(167,370),(197,370),-1,-1;4,(167,348),(197,348),-1,-1;4,(58,0),(165,26),1,-1;4,(165,26),(199,26),-1,-1;4,(58,0),(58,20),0,-1;4,(58,20),(316,20),-1,-1
Zhedescender	8,(902,-170),0;1,(63,691),4;1,(859,691),4;1,(337,677),4;2,(337,0),0;2,(3,0),0;2,(69,-5),0;2,(891,-3),0;6,(447,333),(447,353),1;4,(337,0),(337,20),0,-1;4,(337,0),(445,26),1,-1;4,(3,0),(3,18),0,-1;14,(323,345),(447,333),(447,353),-1;4,(63,691),(121,644),-2,-1;4,(337,677),(445,651),1,-1;4,(337,677),(337,657),0,-1;4,(337,657),(585,657),-1,-1;4,(445,651),(477,651),-1,-1;4,(447,353),(475,353),-1,-1;4,(859,691),(801,644),-2,-1;14,(599,345),(447,333),(447,353),-1;4,(337,20),(585,20),-1,-1;4,(585,20),(924,19),-1,-1;4,(447,333),(532,333),-1,-1;4,(445,26),(477,26),-1,-1
Kadescender	8,(633,-170),0;1,(58,677),4;1,(590,691),4;2,(58,0),0;2,(622,-3),0;6,(197,341),(197,361),0;4,(58,0),(58,20),0,-1;4,(58,0),(165,26),1,-1;4,(58,677),(165,651),1,-1;4,(58,677),(58,657),0,-1;4,(165,651),(199,651),-1,-1;4,(590,691),(532,644),-2,-1;14,(323,352),(197,341),(197,361),-1;4,(58,20),(306,20),-1,-1;4,(306,20),(655,19),-1,-1;4,(165,26),(199,26),-1,-1
Kabashkir	1,(432,677),4;1,(716,691),4;2,(184,0),0;2,(776,0),0;2,(710,-5),0;6,(323,341),(323,361),0;4,(432,677),(432,657),0,-1;4,(432,677),(325,651),1,-1;4,(716,691),(658,644),-2,-1;14,(449,352),(323,361),(323,341),-1;4,(776,0),(776,18),0,-1;4,(184,0),(291,26),1,-1;4,(291,26),(325,26),-1,-1;4,(184,0),(184,20),0,-1;4,(184,20),(432,20),-1,-1;4,(325,651),(291,655),-1,-1
Endescender	8,(714,-170),0;1,(58,677),4;1,(488,677),4;2,(58,0),0;2,(488,0),0;6,(197,348),(197,370),0;4,(58,677),(165,651),1,-1;4,(58,677),(58,657),0,-1;4,(58,657),(306,657),-1,-1;4,(165,651),(199,651),-1,-1;4,(199,651),(595,651),-1,-1;4,(306,657),(488,657),-1,-1;4,(488,657),(736,657),-1,-1;4,(595,651),(629,651),-1,-1;4,(58,0),(165,26),1,-1;4,(165,26),(199,26),-1,-1;4,(199,26),(595,26),-1,-1;4,(595,26),(629,27),-1,-1;4,(58,0),(58,20),0,-1;4,(58,20),(306,20),-1,-1;4,(306,20),(488,20),-1,-1;4,(488,20),(736,21),-1,-1
Ustraightstroke	1,(31,677),4;1,(386,677),4;2,(184,0),0;6,(503,261),(503,283),1;4,(184,0),(302,26),1,-1;4,(302,26),(334,26),-1,-1;4,(184,0),(184,20),0,-1;4,(184,20),(452,20),-1,-1;4,(503,261),(303,261),-1,-1;4,(503,283),(132,283),-1,-1;4,(31,677),(112,651),1,-1;4,(31,677),(31,657),0,-1;4,(31,657),(254,657),-1,-1;4,(112,651),(144,650),-1,-1;14,(321,296),(184,0),(31,677),-1;4,(386,677),(497,650),1,-1;4,(386,677),(386,657),0,-1;4,(386,657),(609,657),-1,-1;4,(497,650),(523,651),-1,-1
Hadescender	8,(600,-170),0;1,(33,677),4;1,(382,677),4;2,(20,0),0;2,(389,0),0;4,(20,0),(20,20),0,-1;4,(20,0),(105,26),1,-1;4,(33,677),(121,651),1,-1;4,(33,677),(33,657),0,-1;4,(33,657),(261,657),-1,-1;4,(121,651),(153,651),-1,-1;14,(321,368),(105,26),(121,651),-1;4,(153,651),(488,651),-1,-1;4,(261,657),(382,657),-1,-1;4,(382,657),(610,657),-1,-1;4,(488,651),(517,650),-1,-1;4,(105,26),(135,27),-1,-1;4,(135,27),(493,26),-1,-1;4,(493,26),(525,27),-1,-1;4,(20,20),(248,20),-1,-1;4,(248,20),(389,20),-1,-1;4,(389,20),(622,21),-1,-1;14,(315,325),(105,26),(121,651),-1
be	1,(283,476),0;2,(283,-13),0;14,(88,315),(283,-13),(283,476),-1;4,(283,476),(283,456),0,-1;4,(283,-13),(283,7),0,-1
ve	1,(45,470),0;2,(45,0),0;6,(162,236),(162,255),0;4,(45,0),(45,20),0,-1;4,(45,0),(132,25),1,-1;4,(45,470),(132,445),1,-1;4,(45,470),(45,450),0,-1;14,(325,247),(162,255),(162,236),-1;4,(45,470),(164,449),0,-1;4,(45,0),(164,21),0,-1
ghe	1,(45,470),0;2,(45,0),0;4,(45,0),(45,20),0,-1;4,(45,0),(132,25),1,-1;4,(45,470),(132,445),1,-1;4,(45,470),(45,450),0,-1;4,(132,445),(164,449),-1,-1;4,(132,25),(164,25),-1,-1;4,(45,20),(261,20),-1,-1
de	8,(53,-140),0;8,(500,-140),0;1,(153,470),0;2,(65,0),0;4,(65,0),(68,21),0,-1;4,(153,470),(232,444),1,-1;4,(153,470),(153,450),0,-1;4,(153,450),(518,450),-1,-1;4,(232,444),(431,445),-1,-1;4,(68,21),(104,21),-1,-1;4,(104,21),(431,21),-1,-1;4,(153,470),(255,449),0,-1
zhe	1,(76,483),0;1,(656,483),0;1,(263,470),0;2,(263,0),0;2,(20,0),0;2,(712,0),0;2,(662,-5),0;2,(70,-5),0;6,(354,237),(354,256),0;4,(263,0),(263,20),0,-1;4,(263,0),(352,25),1,-1;4,(20,0),(20,18),0,-1;4,(354,237),(378,237),-1,-1;4,(354,256),(378,256),-1,-1;14,(489,248),(378,237),(378,256),-1;4,(489,248),(243,248),-1,-1;4,(76,483),(125,437),-2,-1;4,(263,470),(352,445),1,-1;4,(263,470),(263,450),0,-1;4,(263,450),(469,450),-1,-1;4,(352,445),(380,445),-1,-1;4,(656,483),(607,437),-2,-1;4,(712,0),(712,18),0,-1;4,(352,25),(380,25),-1,-1;4,(263,20),(469,20),-1,-1
ze	1,(198,483),0;2,(195,-13),0;6,(196,243),(194,264),0;4,(195,-13),(197,7),0,-1;4,(198,483),(195,463),0,-1;14,(251,254),(196,243),(194,264),-1
icyr	1,(45,470),0;1,(385,470),0;2,(45,0),0;2,(385,0),0;4,(45,0),(45,20),0,-1;4,(45,0),(132,25),1,-1;4,(45,470),(132,445),1,-1;4,(45,470),(45,450),0,-1;4,(45,450),(251,450),-1,-1;4,(132,445),(161,444),-1,-1;14,(161,83),(45,0),(45,470),-1;4,(385,470),(477,444),1,-1;4,(385,470),(385,450),0,-1;4,(385,450),(593,450),-1,-1;4,(477,444),(505,445),-1,-1;4,(385,0),(477,26),1,-1;4,(477,26),(505,25),-1,-1;4,(385,0),(385,20),0,-1;4,(385,20),(593,20),-1,-1;14,(477,396),(45,0),(45,470),-1;4,(132,25),(161,26),-1,-1;4,(45,20),(251,20),-1,-1
ka	1,(45,470),0;1,(438,483),0;2,(45,0),0;2,(494,0),0;2,(444,-5),0;6,(162,237),(162,256),0;4,(45,0),(45,20),0,-1;4,(45,0),(132,25),1,-1;4,(45,470),(132,445),1,-1;4,(45,470),(45,450),0,-1;4,(45,450),(251,450),-1,-1;4,(132,445),(164,445),-1,-1;4,(438,483),(389,437),-2,-1;14,(271,248),(162,256),(162,237),-1;4,(494,0),(494,18),0,-1;4,(132,25),(164,25),-1,-1;4,(45,20),(251,20),-1,-1
el	1,(138,470),0;2,(80,-7),0;2,(312,0),0;4,(80,-7),(102,28),-2,-1;4,(138,470),(219,444),1,-1;4,(138,470),(138,450),0,-1;4,(138,450),(518,450),-1,-1;4,(219,444),(431,445),-1,-1;4,(312,0),(399,25),1,-1;4,(399,25),(431,25),-1,-1;4,(312,0),(312,20),0,-1;4,(312,20),(518,20),-1,-1;4,(138,470),(243,449),0,-1
em	1,(45,470),0;1,(684,470),0;2,(45,0),0;2,(477,0),0;14,(355,43),(45,0),(45,470),-1;4,(45,470),(153,453),0,-1;4,(45,0),(137,26),1,-1;4,(137,26),(159,26),-1,-1;4,(45,0),(45,20),0,-1;4,(45,20),(251,20),-1,-1;4,(45,470),(137,444),1,-1;4,(45,470),(45,450),0,-1;14,(369,70),(45,0),(45,470),-1;4,(684,470),(684,450),0,-1;4,(684,470),(595,445),1,-1;4,(477,0),(565,25),1,-1;4,(565,25),(595,25),-1,-1;4,(477,0),(477,20),0,-1;4,(477,20),(683,20),-1,-1;4,(153,453),(570,453),-1,-1
en	2,(45,0),0;2,(581,0),0;6,(45,450),(45,470),1;6,(464,236),(464,257),1;4,(45,0),(45,20),0,-1;4,(45,450),(251,450),-1,-1;4,(45,450),(462,445),-1,0;4,(45,470),(375,470),-1,-1;4,(45,450),(581,450),-1,-1;4,(45,20),(494,25),-1,-1;4,(494,25),(581,20),-1,0;4,(581,20),(375,20),-1,0;4,(375,20),(462,25),-1,-1;4,(462,25),(164,25),-1,-1;4,(164,25),(251,20),-1,0
pe	1,(45,470),0;2,(45,0),0;2,(362,0),0;4,(45,0),(45,20),0,-1;4,(45,0),(132,25),1,-1;4,(45,470),(132,445),1,-1;4,(45,470),(45,450),0,-1;4,(45,450),(569,450),-1,-1;4,(132,445),(482,445),-1,-1;4,(362,0),(450,25),1,-1;4,(450,25),(482,25),-1,-1;4,(362,0),(362,20),0,-1;4,(362,20),(570,20),-1,-1;4,(45,470),(164,449),0,-1;4,(132,25),(164,25),-1,-1;4,(45,20),(252,20),-1,-1
te	1,(46,470),0;2,(154,0),0;4,(46,470),(78,449),0,-1;4,(78,449),(283,449),-1,-1;4,(154,0),(251,25),1,-1;4,(251,25),(283,25),-1,-1;4,(154,0),(154,20),0,-1;4,(154,20),(380,20),-1,-1
ef	1,(346,718),5;1,(232,483),0;1,(460,483),0;2,(230,-245),1;2,(232,-13),0;2,(460,-13),0;4,(230,-245),(230,-225),0,-1;4,(230,-245),(330,-220),1,-1;14,(332,21),(232,-13),(232,483),-1;14,(332,449),(232,483),(232,-13),-1;4,(346,718),(332,686),1,-1;4,(332,686),(241,706),0,-1;4,(332,449),(360,449),-1,-1;4,(332,21),(360,21),-1,-1;4,(330,-220),(362,-220),-1,-1;4,(230,-225),(453,-225),-1,-1;4,(232,-13),(237,7),0,-1;4,(237,7),(455,7),-1,-1;4,(232,483),(237,463),0,-1;4,(237,463),(455,463),-1,-1;4,(332,449),(332,430),0,-1;4,(332,430),(360,430),-1,-1;4,(332,21),(332,40),0,-1;4,(332,40),(360,40),-1,-1
tse	8,(541,-140),0;1,(45,470),0;1,(357,470),0;2,(45,0),0;4,(45,470),(45,450),0,-1;4,(45,450),(251,450),-1,-1;4,(45,470),(132,445),1,-1;4,(132,445),(164,445),-1,-1;4,(45,0),(164,21),0,-1;4,(357,470),(444,445),1,-1;4,(357,470),(357,450),0,-1;4,(357,450),(563,450),-1,-1;4,(444,445),(476,445),-1,-1;4,(164,21),(476,21),-1,-1;4,(45,0),(45,20),0,-1;4,(45,0),(132,25),1,-1
che	1,(283,470),0;1,(15,470),0;2,(283,0),0;6,(251,199),(251,225),1;4,(15,470),(15,450),0,-1;4,(15,450),(211,450),-1,-1;4,(15,470),(93,445),1,-1;4,(93,445),(122,445),-1,-1;4,(283,470),(370,445),1,-1;4,(283,470),(283,450),0,-1;4,(283,450),(489,450),-1,-1;4,(370,445),(402,445),-1,-1;4,(283,0),(370,25),1,-1;4,(370,25),(402,25),-1,-1;4,(283,0),(283,20),0,-1
sha	1,(45,470),0;1,(331,470),0;1,(617,470),0;2,(45,0),0;4,(45,0),(45,20),0,-1;4,(45,0),(132,25),1,-1;4,(45,470),(132,445),1,-1;4,(45,470),(45,450),0,-1;4,(45,450),(251,450),-1,-1;4,(132,445),(164,445),-1,-1;4,(45,0),(164,21),0,-1;4,(331,470),(418,445),1,-1;4,(331,470),(331,450),0,-1;4,(331,450),(537,450),-1,-1;4,(418,445),(450,445),-1,-1;4,(164,21),(450,21),-1,-1;4,(617,470),(704,445),1,-1;4,(617,470),(617,450),0,-1;4,(617,450),(823,450),-1,-1;4,(704,445),(736,445),-1,-1;4,(132,25),(736,25),-1,-1;4,(45,20),(823,20),-1,-1
shcha	1,(45,470),0;1,(331,470),0;1,(617,470),0;2,(45,0),0;4,(45,0),(45,20),0,-1;4,(45,0),(132,25),1,-1;4,(45,470),(132,445),1,-1;4,(45,470),(45,450),0,-1;4,(45,450),(251,450),-1,-1;4,(132,445),(164,445),-1,-1;4,(45,0),(164,21),0,-1;4,(331,470),(418,445),1,-1;4,(331,470),(331,450),0,-1;4,(331,450),(537,450),-1,-1;4,(418,445),(450,445),-1,-1;4,(164,21),(450,21),-1,-1;4,(617,470),(704,445),1,-1;4,(617,470),(617,450),0,-1;4,(617,450),(823,450),-1,-1;4,(704,445),(736,445),-1,-1;4,(450,21),(736,21),-1,-1
hard	1,(46,470),0;1,(375,470),0;2,(144,0),0;6,(357,260),(362,280),0;4,(144,0),(144,20),0,-1;4,(144,0),(241,25),1,-1;4,(46,470),(78,449),0,-1;4,(375,470),(375,450),0,-1;4,(375,470),(273,444),1,-1;4,(144,0),(273,20),0,-1
yeru	1,(57,470),0;1,(468,470),0;2,(468,0),0;2,(57,0),0;6,(174,275),(174,256),0;4,(468,0),(468,20),0,-1;4,(468,0),(555,25),1,-1;4,(468,470),(555,445),1,-1;4,(468,470),(468,450),0,-1;4,(468,450),(674,450),-1,-1;4,(555,445),(587,445),-1,-1;4,(555,25),(587,25),-1,-1;4,(468,20),(674,20),-1,-1;4,(57,0),(57,20),0,-1;4,(57,0),(144,25),1,-1;4,(57,470),(144,445),1,-1;4,(57,470),(57,450),0,-1;4,(57,450),(263,450),-1,-1;4,(144,445),(176,445),-1,-1;4,(57,20),(176,20),-1,-1
soft	1,(57,470),0;2,(57,0),0;6,(270,260),(275,280),0;4,(57,0),(57,20),0,-1;4,(57,0),(144,25),1,-1;4,(57,470),(144,445),1,-1;4,(57,470),(57,450),0,-1;4,(57,450),(263,450),-1,-1;4,(144,445),(176,445),-1,-1;4,(57,20),(176,20),-1,-1
ecyr	1,(214,483),0;2,(207,-13),0;6,(398,233),(398,255),0;6,(142,231),(142,259),1;4,(214,483),(210,463),0,-1;4,(207,-13),(206,7),0,-1
yu	1,(45,470),0;1,(503,483),0;2,(503,-13),0;2,(251,0),0;6,(294,236),(295,257),0;4,(251,0),(164,25),1,-1;4,(251,0),(251,20),0,-1;4,(251,20),(45,20),-1,-1;4,(164,25),(132,25),-1,-1;4,(45,470),(132,445),1,-1;4,(45,470),(45,450),0,-1;4,(45,450),(251,450),-1,-1;4,(132,445),(164,445),-1,-1;4,(503,-13),(503,7),0,-1;4,(503,483),(503,463),0,-1
ya	1,(467,470),0;2,(261,0),0;2,(20,0),0;2,(70,-5),0;6,(350,219),(350,238),0;4,(467,470),(348,449),0,-1;4,(20,0),(20,18),0,-1;14,(234,224),(350,238),(350,219),-1;4,(467,470),(467,450),0,-1;4,(467,470),(380,445),1,-1;4,(261,0),(348,25),1,-1;4,(348,25),(380,25),-1,-1;4,(261,0),(261,20),0,-1;4,(261,20),(467,20),-1,-1
ieukran	1,(280,483),0;2,(266,-13),0;6,(358,234),(358,261),1;4,(280,483),(278,463),0,-1;4,(266,-13),(272,12),1,-1
be.srb	2,(259,-13),0;14,(258,450),(259,-13),(426,721),-1;4,(258,450),(236,462),-1,-1;4,(259,-13),(261,7),0,-1
A.sc	1,(271,562),2;2,(14,0),0;2,(354,0),0;4,(14,0),(14,18),0,-1;4,(14,0),(85,24),1,-1;4,(354,0),(451,24),1,-1;4,(451,24),(483,23),-1,-1;4,(354,0),(354,18),0,-1;4,(354,18),(571,18),-1,-1;14,(178,219),(14,0),(271,562),-1;4,(178,219),(172,201),0,-1;4,(85,24),(112,23),-1,-1;4,(14,18),(189,18),-1,-1
B.sc	1,(70,556),2;2,(70,0),0;6,(194,280),(194,299),0;4,(70,556),(163,533),1,-1;4,(70,556),(70,538),0,-1;14,(328,291),(194,299),(194,280),-1;4,(70,0),(70,18),0,-1;4,(70,0),(163,23),1,-1;4,(70,538),(196,536),-1,-1;4,(70,18),(196,20),-1,-1
C.sc	1,(361,567),2;2,(360,-11),0;4,(360,-11),(359,9),0,-1;4,(361,567),(364,547),0,-1
D.sc	1,(70,556),2;2,(70,0),0;4,(70,556),(163,533),1,-1;4,(70,556),(70,538),0,-1;4,(70,0),(70,18),-2,-1;4,(70,0),(163,23),1,-1;4,(163,23),(196,20),-1,-1;4,(163,533),(196,536),-1,-1
E.sc	1,(484,556),2;1,(70,556),2;2,(70,0),0;2,(497,0),0;6,(194,271),(194,291),0;4,(484,556),(455,536),1,-1;4,(455,536),(163,533),-1,-1;4,(70,556),(70,538),0,-1;4,(497,0),(468,20),1,-1;4,(70,0),(70,18),0,-1;4,(468,20),(163,23),-1,-1
F.sc	1,(70,556),2;2,(70,0),0;6,(471,428),(390,371),0;6,(194,271),(194,291),0;4,(70,556),(163,533),1,-1;4,(70,556),(70,538),0,-1;4,(163,533),(196,536),-1,-1;4,(194,271),(372,191),-2,-1;4,(70,0),(163,23),1,-1;4,(163,23),(195,23),-1,-1;4,(70,0),(70,18),0,-1;4,(70,18),(296,18),-1,-1
G.sc	1,(362,567),2;2,(361,-11),0;6,(409,245),(409,263),0;4,(362,567),(365,547),1,-1;4,(361,-11),(361,9),1,-1;4,(409,263),(512,240),0,-1;4,(409,245),(611,245),-1,-1;4,(512,240),(546,240),-1,-1
H.sc	1,(70,556),2;1,(444,556),2;2,(70,0),0;2,(444,0),0;6,(194,284),(194,304),0;4,(70,556),(163,533),1,-1;4,(70,556),(70,538),0,-1;4,(70,538),(288,538),-1,-1;4,(163,533),(195,533),-1,-1;4,(195,533),(537,533),-1,-1;4,(288,538),(444,538),-1,-1;4,(444,538),(662,538),-1,-1;4,(537,533),(569,533),-1,-1;4,(70,0),(163,23),1,-1;4,(163,23),(195,23),-1,-1;4,(195,23),(537,23),-1,-1;4,(537,23),(569,23),-1,-1;4,(70,0),(70,18),0,-1;4,(70,18),(288,18),-1,-1;4,(288,18),(444,18),-1,-1;4,(444,18),(662,18),-1,-1
I.sc	1,(70,556),2;2,(70,0),0;4,(70,556),(163,533),1,-1;4,(70,556),(70,538),0,-1;4,(70,538),(288,538),-1,-1;4,(163,533),(195,533),-1,-1;4,(70,0),(163,23),1,-1;4,(163,23),(195,23),-1,-1;4,(70,0),(70,18),0,-1;4,(70,18),(288,18),-1,-1
J.sc	1,(70,556),2;6,(41,-122),(84,-101),1;4,(70,556),(70,538),0,-1;4,(70,538),(296,538),-1,-1;4,(70,556),(170,533),1,-1;4,(170,533),(204,533),-1,-1;4,(84,-101),(25,-81),-2,-1
K.sc	1,(70,556),2;1,(381,556),2;2,(70,0),0;2,(402,0),0;4,(70,556),(163,533),1,-1;4,(70,556),(70,538),0,-1;4,(70,538),(288,538),-1,-1;4,(163,533),(195,533),-1,-1;14,(194,205),(70,0),(70,556),-1;4,(195,533),(480,532),-1,-1;4,(288,538),(381,538),-1,-1;4,(381,538),(578,538),-1,-1;4,(480,532),(509,533),-1,-1;14,(332,331),(402,0),(381,556),-1;4,(70,0),(163,23),1,-1;4,(163,23),(195,23),-1,-1;4,(195,23),(488,23),-1,-1;4,(488,23),(522,23),-1,-1;4,(70,0),(70,18),0,-1;4,(70,18),(288,18),-1,-1;4,(288,18),(402,18),-1,-1;4,(402,18),(602,18),-1,-1;14,(311,307),(402,0),(381,556),-1;14,(194,174),(70,0),(70,556),-1
L.sc	1,(70,556),2;2,(70,0),0;4,(70,556),(163,533),1,-1;4,(70,556),(70,538),0,-1;4,(70,538),(288,538),-1,-1;4,(163,533),(195,533),-1,-1;4,(70,0),(163,23),1,-1;4,(163,23),(196,20),-1,-1;4,(70,0),(70,18),0,-1
M.sc	1,(45,556),2;1,(617,556),2;2,(53,0),0;2,(528,0),0;4,(53,0),(53,18),0,-1;4,(53,0),(133,24),1,-1;4,(45,556),(133,533),1,-1;4,(45,556),(45,538),0,-1;14,(392,45),(53,0),(45,556),-1;4,(617,556),(745,538),0,-1;4,(133,533),(652,533),-1,-1;4,(528,0),(619,23),1,-1;4,(619,23),(652,23),-1,-1;4,(528,0),(528,18),0,-1;4,(528,18),(745,18),-1,-1;14,(152,515),(53,0),(45,556),-1;4,(152,515),(624,514),-1,-1;4,(133,24),(155,24),-1,-1;4,(53,18),(243,18),-1,-1
N.sc	1,(419,556),2;1,(48,556),2;2,(521,-6),0;2,(55,0),0;4,(55,0),(55,18),0,-1;4,(55,0),(134,24),1,-1;4,(48,556),(132,534),1,-1;4,(48,556),(48,538),0,-1;14,(516,48),(419,556),(521,-6),-1;4,(132,534),(516,532),-1,-1;4,(48,538),(419,538),-1,-1;4,(419,538),(619,538),-1,-1;4,(516,532),(539,532),-1,-1;14,(157,500),(55,0),(48,556),-1;4,(134,24),(157,24),-1,-1;4,(55,18),(255,18),-1,-1
O.sc	1,(330,567),2;2,(330,-11),0;4,(330,-11),(330,9),0,-1;4,(330,567),(330,547),0,-1
P.sc	1,(70,556),2;2,(70,0),0;6,(194,233),(194,251),0;4,(70,556),(163,533),1,-1;4,(70,556),(70,538),0,-1;4,(70,0),(163,23),1,-1;4,(163,23),(195,23),-1,-1;4,(70,0),(70,18),0,-1;4,(70,18),(296,18),-1,-1;4,(70,538),(196,536),-1,-1
Q.sc	1,(330,567),2;2,(310,-10),0;2,(339,-11),0;6,(449,-164),(453,-144),0;4,(339,-11),(330,9),0,-1;4,(330,567),(330,547),0,-1
R.sc	1,(70,556),2;2,(288,0),0;2,(511,-4),0;2,(568,0),0;6,(194,259),(194,278),0;4,(70,556),(163,533),1,-1;4,(70,556),(70,538),0,-1;14,(344,264),(194,278),(194,259),-1;4,(511,-4),(568,18),1,-1;4,(568,18),(481,22),-1,-1;4,(288,0),(195,23),1,-1;4,(288,0),(288,18),0,-1;4,(288,18),(70,18),-1,-1;4,(195,23),(163,23),-1,-1;4,(163,533),(196,536),-1,-1
S.sc	1,(255,567),2;2,(230,-11),0;4,(230,-11),(230,9),1,-1;14,(393,134),(230,-11),(255,567),-1;4,(255,567),(256,547),1,-1;14,(114,436),(255,567),(230,-11),-1
T.sc	1,(33,556),2;2,(148,0),0;4,(33,556),(249,536),1,-1;4,(249,536),(283,536),-1,-1;4,(148,0),(250,23),1,-1;4,(250,23),(282,23),-1,-1;4,(148,0),(148,18),0,-1;4,(148,18),(384,18),-1,-1
U.sc	1,(60,556),2;1,(412,556),2;2,(339,-11),0;4,(339,-11),(340,14),1,-1;4,(60,556),(143,533),1,-1;4,(143,533),(175,532),-1,-1;4,(175,532),(517,532),-1,-1;4,(60,556),(60,538),0,-1;4,(60,538),(270,538),-1,-1;4,(270,538),(412,538),-1,-1;4,(412,538),(617,538),-1,-1;4,(517,532),(539,532),-1,-1
V.sc	1,(1,556),2;1,(359,556),2;2,(276,-6),0;4,(1,556),(82,533),1,-1;4,(1,556),(1,538),0,-1;4,(1,538),(210,538),-1,-1;4,(82,533),(113,533),-1,-1;14,(288,36),(359,556),(276,-6),-1;4,(113,533),(455,532),-1,-1;4,(210,538),(359,538),-1,-1;4,(359,538),(558,538),-1,-1;4,(455,532),(480,532),-1,-1
W.sc	1,(333,556),2;1,(638,556),2;1,(14,556),2;2,(251,-6),0;2,(582,-6),0;4,(14,556),(96,533),1,-1;4,(14,556),(14,538),0,-1;4,(14,538),(215,538),-1,-1;4,(96,533),(127,533),-1,-1;14,(266,47),(251,-6),(333,556),-1;4,(127,533),(417,533),-1,-1;4,(215,538),(333,538),-1,-1;4,(333,538),(534,538),-1,-1;4,(417,533),(444,532),-1,-1;14,(595,45),(582,-6),(638,556),-1;4,(444,532),(725,532),-1,-1;4,(534,538),(638,538),-1,-1;4,(638,538),(837,538),-1,-1;4,(725,532),(749,532),-1,-1
X.sc	1,(35,556),2;1,(340,556),2;2,(24,0),0;2,(344,0),0;4,(24,0),(24,18),0,-1;4,(24,0),(98,23),1,-1;4,(35,556),(112,533),1,-1;4,(35,556),(35,538),0,-1;4,(35,538),(237,538),-1,-1;4,(112,533),(144,533),-1,-1;14,(288,304),(98,23),(112,533),-1;4,(144,533),(431,533),-1,-1;4,(237,538),(340,538),-1,-1;4,(340,538),(539,538),-1,-1;4,(431,533),(458,532),-1,-1;4,(98,23),(126,24),-1,-1;4,(126,24),(434,23),-1,-1;4,(434,23),(466,23),-1,-1;4,(24,18),(223,18),-1,-1;4,(223,18),(344,18),-1,-1;4,(344,18),(546,18),-1,-1;14,(281,265),(98,23),(112,533),-1
Y.sc	1,(36,556),2;1,(347,556),2;2,(169,0),0;4,(169,0),(169,18),0,-1;4,(169,0),(271,23),1,-1;4,(36,556),(106,533),1,-1;4,(36,556),(36,538),0,-1;4,(36,538),(234,538),-1,-1;4,(106,533),(139,532),-1,-1;14,(291,245),(271,23),(106,533),-1;4,(139,532),(442,532),-1,-1;4,(234,538),(347,538),-1,-1;4,(347,538),(541,538),-1,-1;4,(442,532),(467,532),-1,-1;4,(271,23),(303,23),-1,-1;4,(169,18),(405,18),-1,-1
Z.sc	1,(451,556),2;2,(35,0),0;4,(35,0),(72,20),1,-1;4,(72,20),(35,18),-1,-1;4,(451,556),(416,536),1,-1;4,(416,536),(451,538),-1,-1
AE.sc	1,(306,556),2;2,(317,0),0;2,(189,0),0;4,(317,0),(317,18),0,-1;4,(317,18),(189,18),-1,-1;4,(189,18),(14,18),-1,-1;4,(317,0),(443,20),1,-1;4,(443,20),(410,23),-1,-1;4,(410,23),(111,23),-1,-1;4,(111,23),(85,24),-1,-1;4,(306,556),(443,536),1,-1;4,(443,536),(411,532),-1,-1;4,(411,532),(371,533),-1,-1;4,(306,556),(306,538),0,-1;14,(441,271),(189,0),(306,556),-1;4,(441,271),(441,291),0,-1;14,(411,217),(189,0),(306,556),-1;4,(411,217),(411,235),0,-1
Germandbls.sc	1,(370,567),2;2,(70,0),0;2,(442,-11),0;6,(520,526),(520,514),0;4,(70,0),(70,18),0,-1;4,(70,0),(163,23),1,-1;14,(432,389),(370,567),(442,-11),-1;4,(442,-11),(443,9),0,-1;14,(557,116),(442,-11),(370,567),-1;14,(502,520),(520,526),(520,514),-1;4,(370,567),(370,547),1,-1
Hbar.sc	1,(63,556),2;1,(437,556),2;2,(63,0),0;2,(437,0),0;6,(531,409),(531,429),1;6,(531,268),(531,287),1;4,(531,409),(157,409),-1,-1;4,(531,429),(46,429),-1,-1;4,(63,556),(156,533),1,-1;4,(63,556),(63,538),0,-1;4,(63,538),(281,538),-1,-1;4,(156,533),(188,533),-1,-1;4,(437,556),(530,533),1,-1;4,(437,556),(437,538),0,-1;4,(437,538),(656,538),-1,-1;4,(530,533),(562,533),-1,-1;4,(531,429),(561,429),-1,-1;4,(531,409),(673,409),-1,-1;4,(437,0),(530,23),1,-1;4,(530,23),(562,23),-1,-1;4,(437,0),(437,18),0,-1;4,(437,18),(656,18),-1,-1;4,(63,0),(156,23),1,-1;4,(156,23),(188,23),-1,-1;4,(63,0),(63,18),0,-1;4,(63,18),(281,18),-1,-1
Lslash.sc	1,(70,557),2;2,(70,1),0;14,(194,255),(70,1),(70,557),-1;4,(70,1),(163,24),1,-1;4,(163,24),(196,21),-1,-1;4,(70,1),(70,19),0,-1;4,(194,255),(164,238),-1,-1;4,(194,255),(194,280),1,-1;4,(194,280),(164,265),-1,-1;4,(70,557),(163,534),1,-1;4,(70,557),(70,539),0,-1;4,(70,539),(288,539),-1,-1;4,(163,534),(195,534),-1,-1
Oslash.sc	1,(559,572),2;1,(330,567),2;2,(100,-13),0;2,(330,-11),0;4,(330,-11),(330,9),0,-1;4,(330,567),(330,547),0,-1;14,(162,95),(330,9),(330,547),-1;14,(496,462),(330,547),(330,9),-1
OE.sc	1,(356,567),2;1,(452,556),2;2,(356,-11),0;2,(452,0),0;6,(467,271),(467,291),0;4,(356,-11),(357,9),1,-1;4,(452,0),(469,20),1,-1;4,(469,20),(436,18),-1,-1;4,(452,556),(469,536),1,-1;4,(469,536),(436,538),-1,-1;4,(356,567),(357,547),1,-1
Uogonek.sc	1,(270,556),2;1,(412,556),2;2,(340,-11),0;6,(432,-180),(441,-158),1;4,(270,556),(270,538),0,-1;4,(270,538),(60,538),-1,-1;4,(270,556),(175,532),1,-1;4,(340,-11),(340,14),1,-1;4,(412,556),(517,532),1,-1;4,(412,556),(412,538),0,-1;4,(412,538),(617,538),-1,-1;4,(517,532),(539,532),-1,-1;4,(175,532),(143,533),-1,-1
Uhorn.sc	1,(60,556),2;1,(412,556),2;2,(339,-11),0;4,(339,-11),(340,14),1,-1;4,(412,556),(517,532),1,-1;4,(412,556),(412,538),0,-1;4,(60,556),(143,533),1,-1;4,(60,556),(60,538),0,-1;4,(143,533),(175,532),-1,-1
Eth.sc	1,(70,556),2;2,(70,0),0;14,(194,295),(70,0),(70,556),-1;4,(194,295),(194,275),0,-1;4,(70,0),(163,23),1,-1;4,(163,23),(196,20),-1,-1;4,(70,556),(163,533),1,-1;4,(163,533),(196,536),-1,-1;4,(70,0),(70,18),0,-1;4,(194,275),(164,275),-1,-1;4,(194,295),(164,295),-1,-1;4,(70,556),(70,538),0,-1
Thorn.sc	1,(70,556),2;2,(70,0),0;4,(70,556),(163,533),1,-1;4,(70,556),(70,538),0,-1;4,(70,538),(292,538),-1,-1;4,(163,533),(195,533),-1,-1;14,(194,446),(70,556),(70,0),-1;14,(194,142),(70,0),(70,556),-1;4,(70,0),(163,23),1,-1;4,(163,23),(195,23),-1,-1;4,(70,0),(70,18),0,-1;4,(70,18),(292,18),-1,-1;4,(194,142),(194,162),0,-1;4,(194,446),(194,426),0,-1
Schwa.sc	1,(287,567),2;2,(309,-11),0;6,(510,274),(510,293),0;4,(287,567),(282,546),1,-1;4,(309,-11),(311,9),1,-1
Gamma.sc	1,(70,556),2;2,(70,0),0;4,(70,0),(70,18),0,-1;4,(70,0),(163,23),1,-1;4,(70,556),(163,533),1,-1;4,(70,556),(70,538),0,-1;4,(163,533),(196,536),-1,-1;4,(163,23),(195,23),-1,-1;4,(70,18),(296,18),-1,-1
Delta.sc	1,(270,562),2;2,(48,0),0;14,(275,521),(48,0),(270,562),-1;4,(48,0),(77,27),-2,-1
Theta.sc	1,(330,567),2;2,(330,-11),0;6,(436,269),(435,293),0;4,(330,-11),(330,9),0,-1;4,(330,567),(330,547),0,-1
Lambda.sc	1,(263,562),2;2,(557,0),0;2,(199,0),0;4,(557,0),(476,23),0,-1;4,(557,0),(557,18),1,-1;4,(557,18),(347,18),-1,-1;4,(476,23),(445,23),-1,0;14,(270,522),(0,0),(263,562),-1;4,(445,23),(102,24),-1,0;4,(347,18),(199,18),-1,-1;4,(199,18),(0,18),-1,-1;4,(102,24),(78,24),-1,0
Xi.sc	1,(80,556),2;2,(475,0),0;6,(388,268),(388,294),0;4,(80,556),(471,428),-2,-1;4,(80,556),(435,529),-2,-1;4,(471,428),(95,428),-1,-1;4,(95,428),(72,428),-1,-1;4,(475,0),(60,128),-2,-1;4,(475,0),(96,27),-2,-1;4,(60,128),(461,128),-1,-1
Pi.sc	1,(70,556),2;2,(70,0),0;2,(443,0),0;4,(70,556),(163,533),1,-1;4,(163,533),(196,536),-1,-1;4,(70,0),(163,23),1,-1;4,(163,23),(195,23),-2,-1;4,(70,0),(70,18),0,-1;4,(70,18),(288,18),-1,-1;4,(70,556),(70,538),0,-1;4,(70,538),(661,538),-1,-1;4,(196,536),(567,532),-1,-1;4,(443,0),(535,23),1,-1;4,(535,23),(567,24),-1,-1;4,(443,0),(443,18),0,-1;4,(443,18),(661,18),-1,-1
Sigma.sc	1,(51,556),2;2,(458,0),0;4,(51,556),(86,536),1,-1;14,(249,278),(35,0),(51,556),-1;4,(249,278),(280,281),-1,-1;4,(458,0),(70,27),-2,-1;4,(51,556),(51,538),0,-1
Phi.sc	1,(208,564),2;2,(208,-1),0;4,(208,564),(300,541),1,-1;4,(300,541),(301,478),-2,-1;4,(208,564),(208,546),0,-1;4,(208,546),(426,546),-1,-1;4,(300,541),(333,541),-1,-1;4,(301,478),(332,478),-1,-1;4,(208,-1),(301,22),1,-1;4,(301,22),(302,101),-2,-1;4,(302,101),(331,101),-1,-1;4,(301,22),(332,22),-1,-1;4,(208,-1),(208,17),0,-1;4,(208,17),(426,17),-1,-1;4,(302,101),(302,121),0,-1;4,(301,478),(302,458),0,-1;4,(302,121),(331,121),-1,-1;4,(302,458),(331,458),-1,-1
Psi.sc	1,(-15,556),2;1,(209,556),2;1,(634,556),2;2,(200,0),0;6,(295,225),(295,244),0;4,(-15,556),(-15,538),0,-1;4,(209,556),(294,533),1,-1;4,(209,556),(209,538),0,-1;4,(209,538),(410,538),-1,-1;4,(294,533),(326,533),-1,-1;4,(295,244),(325,244),-1,-1;4,(634,556),(634,538),0,-1;4,(295,225),(325,225),-1,-1;4,(200,0),(294,23),1,-1;4,(294,23),(326,23),-1,-1;4,(200,0),(200,18),0,-1;4,(200,18),(419,18),-1,-1
Omega.sc	1,(346,567),2;2,(620,0),0;2,(307,0),0;4,(307,0),(307,18),-2,-1;4,(307,18),(268,26),-1,-1;4,(307,18),(386,18),-1,-1;4,(386,18),(425,26),-1,-1;4,(346,567),(346,547),0,-1
zero.sc	1,(232,567),2;2,(232,-11),0;4,(232,-11),(232,8),0,-1;4,(232,567),(232,548),0,-1
one.sc	1,(261,563),2;2,(101,0),0;4,(261,563),(242,532),1,-1;4,(242,532),(108,523),-1,-1;4,(101,0),(240,24),0,-1;4,(240,24),(271,24),-1,-1;4,(101,0),(101,18),0,-1;4,(101,18),(402,18),-1,-1;4,(108,523),(108,505),0,-1
two.sc	1,(218,567),2;2,(60,0),0;4,(60,0),(87,27),-2,-1;4,(87,27),(60,21),-1,-1;4,(218,567),(214,548),0,-1
three.sc	1,(221,567),2;2,(213,-11),0;6,(155,301),(155,282),1;4,(221,567),(219,548),0,-1;14,(242,292),(155,282),(155,301),-1;4,(213,-11),(205,8),0,-1
four.sc	1,(305,563),2;2,(295,0),0;6,(295,189),(295,213),1;4,(295,189),(323,189),-1,-1;4,(295,213),(66,213),-1,-1;4,(66,213),(41,208),-1,-1;4,(295,213),(323,213),-1,-1;14,(295,521),(305,563),(295,0),-1
five.sc	1,(107,556),2;2,(198,-11),0;6,(212,323),(215,342),1;4,(198,-11),(194,8),0,-1;4,(107,556),(125,529),-2,-1
six.sc	1,(394,567),2;2,(235,-11),0;6,(241,315),(246,334),1;4,(394,567),(396,552),1,-1;14,(96,241),(235,-11),(394,567),-1;4,(96,241),(98,264),0,-1;4,(235,-11),(236,8),0,-1
seven.sc	1,(388,556),2;2,(171,0),0;4,(388,556),(363,529),-2,-1;4,(363,529),(388,537),-1,-1
eight.sc	1,(231,567),2;2,(229,-11),0;14,(205,283),(231,567),(229,-11),-1;14,(252,291),(229,-11),(231,567),-1;4,(252,291),(236,297),-1,-1;4,(231,567),(231,548),0,-1;4,(229,-11),(229,8),0,-1;4,(205,283),(222,276),-1,-1
nine.sc	1,(223,567),2;2,(90,-11),0;6,(225,228),(232,247),1;4,(90,-11),(85,4),0,-1;14,(355,286),(90,-11),(223,567),-1;4,(355,286),(359,311),1,-1;4,(223,567),(222,548),0,-1
Be.sc	1,(70,556),2;2,(70,0),0;6,(194,282),(194,300),0;4,(70,0),(70,18),0,-1;4,(70,0),(163,23),1,-1;4,(70,556),(163,533),1,-1;4,(70,556),(70,538),0,-1;4,(70,538),(196,536),-1,-1;4,(70,18),(196,20),-1,-1
De.sc	8,(44,-140),0;1,(159,556),2;2,(55,0),0;4,(55,0),(58,20),1,-1;4,(159,556),(236,532),1,-1;4,(159,556),(159,538),0,-1;4,(159,538),(565,538),-1,-1;4,(236,532),(472,533),-1,-1;4,(58,20),(91,20),-1,-1;4,(91,20),(472,20),-1,-1;4,(44,-140),(536,-140),-1,-1;4,(159,538),(262,536),-1,-1
Zhe.sc	1,(57,568),2;1,(748,568),2;1,(294,556),2;2,(294,0),0;2,(4,0),0;2,(63,-4),0;2,(801,0),0;2,(742,-4),0;6,(388,272),(388,290),1;4,(294,0),(294,18),0,-1;4,(294,0),(387,23),1,-1;4,(4,0),(4,16),0,-1;14,(280,283),(388,272),(388,290),-1;4,(57,568),(108,525),-2,-1;4,(294,556),(387,533),1,-1;4,(294,556),(294,538),0,-1;4,(294,538),(511,538),-1,-1;4,(387,533),(417,532),-1,-1;4,(388,290),(416,290),-1,-1;4,(748,568),(697,525),-2,-1;4,(280,283),(524,283),-1,-1;4,(801,0),(801,16),0,-1;4,(388,272),(416,272),-1,-1;4,(387,23),(417,24),-1,-1;4,(294,18),(511,18),-1,-1
Ze.sc	1,(241,567),2;2,(228,-11),0;6,(221,280),(210,299),1;4,(228,-11),(225,9),1,-1;4,(241,567),(238,547),1,-1;14,(282,291),(210,299),(221,280),-1
Icyr.sc	1,(70,556),2;1,(449,556),2;2,(70,0),0;2,(449,0),0;4,(70,0),(70,18),0,-1;4,(70,0),(163,23),1,-1;4,(70,556),(163,533),1,-1;4,(70,556),(70,538),0,-1;4,(70,538),(288,538),-1,-1;4,(163,533),(195,533),-1,-1;4,(449,556),(543,533),1,-1;4,(449,556),(449,538),0,-1;4,(449,538),(667,538),-1,-1;4,(543,533),(574,533),-1,-1;4,(449,0),(542,23),1,-1;4,(542,23),(574,23),-1,-1;4,(449,0),(449,18),0,-1;4,(449,18),(667,18),-1,-1;4,(163,23),(194,23),-1,-1;4,(70,18),(288,18),-1,-1
Ka.sc	1,(70,556),2;1,(533,568),2;2,(70,0),0;2,(586,0),0;2,(527,-4),0;6,(194,278),(194,296),0;4,(70,0),(70,18),0,-1;4,(70,0),(163,23),1,-1;4,(70,556),(163,533),1,-1;4,(70,556),(70,538),0,-1;4,(70,538),(288,538),-1,-1;4,(163,533),(195,533),-1,-1;4,(533,568),(481,525),-2,-1;14,(304,288),(194,296),(194,278),-1;4,(586,0),(586,16),0,-1;4,(163,23),(195,23),-1,-1;4,(70,18),(288,18),-1,-1
El.sc	1,(155,556),2;2,(58,-11),0;2,(332,0),0;4,(58,-11),(87,20),-2,-1;4,(155,556),(243,532),1,-1;4,(155,556),(155,538),0,-1;4,(155,538),(550,538),-1,-1;4,(243,532),(456,533),-1,-1;4,(332,0),(424,23),1,-1;4,(424,23),(456,23),-1,-1;4,(332,0),(332,18),0,-1;4,(332,18),(550,18),-1,-1;4,(155,538),(266,536),-1,-1
Pe.sc	1,(70,556),2;2,(70,0),0;2,(436,0),0;4,(70,0),(70,18),0,-1;4,(70,0),(163,23),1,-1;4,(70,556),(163,533),1,-1;4,(70,556),(70,538),0,-1;4,(70,538),(654,538),-1,-1;4,(163,533),(196,536),-1,-1;4,(196,536),(560,533),-1,-1;4,(436,0),(528,23),1,-1;4,(528,23),(560,23),-1,-1;4,(436,0),(436,18),0,-1;4,(436,18),(654,18),-1,-1;4,(163,23),(195,23),-1,-1;4,(70,18),(288,18),-1,-1
Ucyr.sc	1,(6,556),2;1,(323,556),2;2,(126,-11),0;4,(6,556),(6,538),0,-1;4,(6,538),(199,538),-1,-1;4,(6,556),(74,533),1,-1;4,(74,533),(108,533),-1,-1;14,(264,175),(126,-11),(6,556),-1;4,(323,556),(410,532),1,-1;4,(323,556),(323,538),0,-1;4,(323,538),(509,538),-1,-1;4,(410,532),(437,533),-1,-1;4,(126,-11),(163,21),-2,-1
Ef.sc	1,(202,564),2;2,(202,-8),0;4,(202,564),(297,540),1,-1;4,(297,540),(298,468),-2,-1;4,(202,564),(202,546),0,-1;4,(202,546),(420,546),-1,-1;4,(297,540),(325,540),-1,-1;4,(298,468),(324,468),-1,-1;4,(202,-8),(297,16),1,-1;4,(297,16),(298,92),-2,-1;4,(298,92),(324,92),-1,-1;4,(297,16),(325,16),-1,-1;4,(202,-8),(202,10),0,-1;4,(202,10),(420,10),-1,-1;4,(298,92),(298,112),0,-1;4,(298,468),(298,449),0,-1;4,(298,112),(324,112),-1,-1;4,(298,449),(324,449),-1,-1
Tse.sc	1,(70,556),2;1,(430,556),2;2,(70,0),0;4,(70,0),(163,23),0,-1;4,(70,556),(70,538),1,-1;4,(70,538),(288,538),-1,-1;4,(163,23),(196,20),-1,-1;4,(196,20),(522,20),-1,-1;4,(288,538),(430,538),-1,-1;4,(430,538),(648,538),-1,-1;4,(522,20),(555,20),-1,-1;4,(555,20),(648,20),-1,-1
Che.sc	1,(53,556),2;1,(366,556),2;2,(366,0),0;6,(305,239),(311,263),0;4,(53,556),(53,538),0,-1;4,(53,538),(262,538),-1,-1;4,(53,556),(138,533),1,-1;4,(138,533),(170,533),-1,-1;4,(170,533),(459,533),-1,-1;4,(262,538),(366,538),-1,-1;4,(366,538),(584,538),-1,-1;4,(459,533),(491,533),-1,-1;4,(366,0),(459,23),1,-1;4,(459,23),(491,23),-1,-1;4,(366,0),(366,18),0,-1;4,(366,18),(584,18),-1,-1
Sha.sc	1,(70,556),2;1,(375,556),2;1,(678,556),2;2,(70,0),0;4,(70,0),(70,18),0,-1;4,(70,0),(163,23),1,-1;4,(70,556),(163,533),1,-1;4,(70,556),(70,538),0,-1;4,(70,538),(287,538),-1,-1;4,(163,533),(195,533),-1,-1;4,(163,23),(196,20),-1,-1;4,(196,20),(466,20),-1,-1;4,(195,533),(467,533),-1,-1;4,(287,538),(375,538),-1,-1;4,(375,538),(592,538),-1,-1;4,(467,533),(499,533),-1,-1;4,(466,20),(500,20),-1,-1;4,(500,20),(770,20),-1,-1;4,(499,533),(771,533),-1,-1;4,(592,538),(678,538),-1,-1;4,(678,538),(896,538),-1,-1;4,(771,533),(803,533),-1,-1;4,(770,20),(803,23),-1,0;4,(70,18),(896,18),-1,-1
Shcha.sc	8,(871,-140),0;1,(70,556),2;1,(375,556),2;1,(678,556),2;2,(70,0),0;4,(70,0),(70,18),0,-1;4,(70,0),(163,23),1,-1;4,(70,556),(163,533),1,-1;4,(70,556),(70,538),0,-1;4,(70,538),(287,538),-1,-1;4,(163,533),(195,533),-1,-1;4,(163,23),(196,20),-1,-1;4,(196,20),(466,20),-1,-1;4,(195,533),(467,533),-1,-1;4,(287,538),(375,538),-1,-1;4,(375,538),(592,538),-1,-1;4,(467,533),(499,533),-1,-1;4,(466,20),(500,20),-1,-1;4,(500,20),(770,20),-1,-1;4,(499,533),(771,533),-1,-1;4,(592,538),(678,538),-1,-1;4,(678,538),(896,538),-1,-1;4,(771,533),(803,533),-1,-1;4,(770,20),(804,20),-1,-1;4,(804,20),(897,20),-1,-1
Hard.sc	1,(385,556),2;2,(158,0),0;6,(282,287),(282,305),0;4,(158,0),(158,18),0,-1;4,(158,0),(251,23),1,-1;4,(385,556),(283,532),1,-1;4,(283,532),(250,536),-1,-1;4,(385,556),(385,538),0,-1;4,(158,18),(283,20),-1,-1
Yeru.sc	1,(70,556),2;1,(526,556),2;2,(526,0),0;2,(70,0),0;6,(194,287),(194,305),1;4,(70,0),(70,18),0,-1;4,(70,0),(163,23),1,-1;4,(70,556),(163,533),1,-1;4,(70,556),(70,538),0,-1;4,(70,538),(297,538),-1,-1;4,(163,533),(195,533),-1,-1;4,(526,0),(526,18),0,-1;4,(526,0),(620,23),1,-1;4,(526,556),(620,533),0,-1;4,(526,556),(526,538),0,-1;4,(526,538),(745,538),-1,-1;4,(620,533),(652,533),-1,-1;4,(620,23),(652,23),-1,-1;4,(526,18),(745,18),-1,-1;4,(70,18),(196,20),-1,-1
Soft.sc	1,(70,556),2;2,(70,0),0;6,(194,287),(194,305),0;4,(70,0),(70,18),0,-1;4,(70,0),(163,23),1,-1;4,(70,556),(163,533),1,-1;4,(70,556),(70,538),0,-1;4,(70,538),(297,538),-1,-1;4,(163,533),(195,533),-1,-1;4,(70,18),(196,20),-1,-1
Ecyr.sc	1,(241,567),2;2,(241,-11),0;6,(478,271),(478,291),0;4,(241,-11),(243,9),1,-1;4,(241,567),(238,547),1,-1
Yu.sc	1,(70,556),2;1,(574,567),2;2,(70,0),0;2,(574,-11),0;6,(334,284),(334,304),0;4,(70,0),(163,23),1,-1;4,(163,23),(193,23),-1,-1;4,(70,0),(70,18),0,-1;4,(70,18),(286,18),-1,-1;4,(70,556),(163,533),1,-1;4,(70,556),(70,538),0,-1;4,(70,538),(286,538),-1,-1;4,(163,533),(193,533),-1,-1;4,(574,-11),(574,9),1,-1;4,(574,567),(574,547),1,-1
Ya.sc	1,(520,556),2;2,(18,0),0;2,(302,0),0;2,(79,-5),0;6,(396,257),(396,276),0;4,(520,556),(520,538),0,-1;4,(520,538),(394,536),-1,-1;4,(18,0),(18,18),0,-1;14,(254,263),(396,276),(396,257),-1;4,(520,556),(427,533),1,-1;4,(302,0),(395,23),1,-1;4,(395,23),(427,23),-1,-1;4,(302,0),(302,18),0,-1;4,(302,18),(520,18),-1,-1
Dje.sc	1,(33,556),2;2,(140,0),0;6,(408,-49),(404,-32),0;6,(272,282),(272,300),0;4,(33,556),(62,536),1,-1;4,(62,536),(274,536),-1,-1;4,(140,0),(140,18),0,-1;4,(140,0),(241,23),1,-1
Ieukran.sc	1,(343,567),2;2,(345,-11),0;6,(334,271),(334,291),0;4,(343,567),(347,547),1,-1;4,(345,-11),(344,9),1,-1
Lje.sc	1,(155,556),2;2,(57,-11),0;2,(331,0),0;6,(455,287),(455,305),0;4,(57,-11),(87,20),-2,-1;4,(155,556),(243,532),1,-1;4,(155,556),(155,538),0,-1;4,(155,538),(550,538),-1,-1;4,(243,532),(456,533),-1,-1;4,(331,0),(331,18),0,-1;4,(331,0),(424,23),1,-1;4,(155,538),(266,536),-1,-1;4,(331,18),(457,20),-1,-1
Nje.sc	1,(70,556),2;1,(413,556),2;2,(70,0),0;2,(413,0),0;6,(507,286),(507,306),0;4,(70,0),(163,23),1,-1;4,(163,23),(195,23),-1,-1;4,(70,0),(70,18),0,-1;4,(70,18),(288,18),-1,-1;4,(70,556),(163,533),1,-1;4,(70,556),(70,538),0,-1;4,(70,538),(288,538),-1,-1;4,(163,533),(195,533),-1,-1;4,(413,556),(506,533),1,-1;4,(413,556),(413,538),0,-1;4,(413,538),(640,538),-1,-1;4,(506,533),(538,533),-1,-1;4,(507,306),(537,306),-1,-1;4,(413,0),(413,18),0,-1;4,(413,0),(506,23),1,-1;4,(413,18),(539,20),-1,-1;4,(507,286),(537,289),-1,-1
Tshe.sc	1,(33,556),2;2,(148,0),0;2,(645,0),0;6,(281,287),(281,305),0;4,(33,556),(62,536),1,-1;4,(62,536),(283,536),-1,-1;4,(645,0),(573,24),1,-1;4,(645,0),(645,18),0,-1;4,(148,0),(250,23),1,-1;4,(250,23),(282,23),-1,-1;4,(148,0),(148,18),0,-1;4,(148,18),(374,18),-1,-1
Dzhe.sc	8,(348,-158),0;1,(70,556),2;1,(429,556),2;2,(70,0),0;4,(70,0),(70,18),0,-1;4,(70,0),(163,23),1,-1;4,(70,556),(163,533),1,-1;4,(70,556),(70,538),0,-1;4,(70,538),(288,538),-1,-1;4,(163,533),(195,533),-1,-1;4,(163,23),(196,20),-1,-1;4,(429,556),(523,533),1,-1;4,(429,556),(429,538),0,-1;4,(429,538),(648,538),-1,-1;4,(523,533),(555,533),-1,-1;4,(196,20),(555,23),-1,-1;4,(70,18),(648,18),-1,-1
Fita.sc	1,(330,567),2;2,(330,-11),0;6,(551,281),(551,301),0;4,(330,567),(330,547),1,-1;4,(330,-11),(330,9),1,-1
Gheup.sc	8,(454,665),0;1,(70,556),2;2,(70,0),0;4,(70,0),(70,18),0,-1;4,(70,0),(163,23),1,-1;4,(70,556),(163,533),1,-1;4,(70,556),(70,538),0,-1;4,(163,533),(196,536),-1,-1;4,(163,23),(195,23),-1,-1;4,(70,18),(296,18),-1,-1
Ghestroke.sc	1,(70,556),2;2,(70,0),0;6,(164,284),(164,304),0;4,(70,556),(163,533),1,-1;4,(70,556),(70,538),0,-1;4,(163,533),(196,536),-1,-1;4,(164,304),(194,304),-1,-1;4,(164,284),(194,284),-1,-1;4,(70,0),(163,23),1,-1;4,(163,23),(195,23),-1,-1;4,(70,0),(70,18),0,-1;4,(70,18),(296,18),-1,-1
Kadescender.sc	8,(564,-140),0;1,(70,556),2;1,(533,568),2;2,(70,0),0;2,(554,-3),0;6,(194,278),(194,296),0;4,(70,0),(70,18),0,-1;4,(70,0),(163,23),1,-1;4,(70,556),(163,533),1,-1;4,(70,556),(70,538),0,-1;4,(70,538),(288,538),-1,-1;4,(163,533),(195,533),-1,-1;4,(533,568),(481,525),-2,-1;14,(304,288),(194,296),(194,278),-1;4,(70,18),(586,17),-1,-1;4,(163,23),(288,18),-1,-1;4,(70,18),(288,0),-1,-1
Ustraightstroke.sc	1,(36,556),2;1,(347,556),2;2,(169,0),0;6,(450,213),(450,233),1;4,(169,0),(271,23),1,-1;4,(271,23),(303,23),-1,-1;4,(169,0),(169,18),0,-1;4,(169,18),(405,18),-1,-1;4,(450,213),(272,213),-1,-1;4,(450,233),(123,233),-1,-1;4,(36,556),(106,533),1,-1;4,(36,556),(36,538),0,-1;4,(36,538),(234,538),-1,-1;4,(106,533),(139,532),-1,-1;14,(291,245),(169,0),(36,556),-1;4,(347,556),(442,532),1,-1;4,(347,556),(347,538),0,-1;4,(347,538),(541,538),-1,-1;4,(442,532),(467,532),-1,-1
Hadescender.sc	8,(527,-140),0;1,(35,556),2;1,(340,556),2;2,(24,0),0;2,(344,0),0;4,(24,0),(24,18),0,-1;4,(24,0),(98,23),1,-1;4,(35,556),(112,533),1,-1;4,(35,556),(35,538),0,-1;4,(35,538),(237,538),-1,-1;4,(112,533),(144,533),-1,-1;14,(288,304),(98,23),(112,533),-1;4,(144,533),(431,533),-1,-1;4,(237,538),(340,538),-1,-1;4,(340,538),(539,538),-1,-1;4,(431,533),(458,532),-1,-1;4,(98,23),(126,24),-1,-1;4,(126,24),(434,23),-1,-1;4,(434,23),(466,24),-1,-1;4,(24,18),(223,18),-1,-1;4,(223,18),(344,18),-1,-1;4,(344,18),(549,19),-1,-1;14,(281,265),(98,23),(112,533),-1
